00000000000000000000000000000000
00000000000000000000000000000001
00000000000000000000000000000010
00000000000000000000000000000100
00000000000000000000000000001000
00000000000000000000000000010000
00000000000000000000000000100000
00000000000000000000000001000000
00000000000000000000000010000000
00000000000000000000000100000000
00000000000000000000001000000000
00000000000000000000010000000000
00000000000000000000100000000000
00000000000000000001000000000000
00000000000000000010000000000000
00000000000000000100000000000000
00000000000000001000000000000000
00000000000000010000000000000000
00000000000000100000000000000000
00000000000001000000000000000000
00000000000010000000000000000000
00000000000100000000000000000000
00000000001000000000000000000000
00000000010000000000000000000000
00000000100000000000000000000000
00000001000000000000000000000000
00000010000000000000000000000000
00000100000000000000000000000000
00001000000000000000000000000000
00010000000000000000000000000000
00100000000000000000000000000000
01000000000000000000000000000000
10000000000000000000000000000000
11111111111111111111111111111111
01010101010101010101010101010101
10101010101010101010101010101010
00000000111111110000000011111111
11111111000000001111111100000000
00000000000000001111111111111111
11111111111111110000000000000000
00000000000000000000000011111111
11111111000000000000000000000000
00110011001100110011001100110011
11001100110011001100110011001100
00001111000011110000111100001111
11110000111100001111000011110000
01010101010101011010101010101010
10101010101010100101010101010101
00110011001100111100110011001100
11001100110011000011001100110011
00001111000011111111000011110000
11110000111100000000111100001111
00000000111111111111111100000000
11111111000000000000000011111111
00000000000000000000000000000000
00000000000000000000000000000001
00000000000000000000000000000010
00000000000000000000000000000011
00000000000000000000000000000100
00000000000000000000000000000101
00000000000000000000000000000110
00000000000000000000000000000111
00000000000000000000000000001000
00000000000000000000000000001001
00000000000000000000000000001010
00000000000000000000000000001011
00000000000000000000000000001100
00000000000000000000000000001101
00000000000000000000000000001110
00000000000000000000000000001111
00000000000000000000000000010000
00000000000000000000000000010001
00000000000000000000000000010010
00000000000000000000000000010011
00000000000000000000000000010100
00000000000000000000000000010101
00000000000000000000000000010110
00000000000000000000000000010111
00000000000000000000000000011000
00000000000000000000000000011001
00000000000000000000000000011010
00000000000000000000000000011011
00000000000000000000000000011100
00000000000000000000000000011101
00000000000000000000000000011110
00000000000000000000000000011111
00000000000000000000000000100000
00000000000000000000000000100001
00000000000000000000000000100010
00000000000000000000000000100011
00000000000000000000000000100100
00000000000000000000000000100101
00000000000000000000000000100110
00000000000000000000000000100111
00000000000000000000000000101000
00000000000000000000000000101001
00000000000000000000000000101010
00000000000000000000000000101011
00000000000000000000000000101100
00000000000000000000000000101101
00000000000000000000000000101110
00000000000000000000000000101111
00000000000000000000000000110000
00000000000000000000000000110001
00000000000000000000000000110010
00000000000000000000000000110011
00000000000000000000000000110100
00000000000000000000000000110101
00000000000000000000000000110110
00000000000000000000000000110111
00000000000000000000000000111000
00000000000000000000000000111001
00000000000000000000000000111010
00000000000000000000000000111011
00000000000000000000000000111100
00000000000000000000000000111101
00000000000000000000000000111110
00000000000000000000000000111111
00000000000000000000000001000000
00000000000000000000000001000001
00000000000000000000000001000010
00000000000000000000000001000011
00000000000000000000000001000100
00000000000000000000000001000101
00000000000000000000000001000110
00000000000000000000000001000111
00000000000000000000000001001000
00000000000000000000000001001001
00000000000000000000000001001010
00000000000000000000000001001011
00000000000000000000000001001100
00000000000000000000000001001101
00000000000000000000000001001110
00000000000000000000000001001111
00000000000000000000000001010000
00000000000000000000000001010001
00000000000000000000000001010010
00000000000000000000000001010011
00000000000000000000000001010100
00000000000000000000000001010101
00000000000000000000000001010110
00000000000000000000000001010111
00000000000000000000000001011000
00000000000000000000000001011001
00000000000000000000000001011010
00000000000000000000000001011011
00000000000000000000000001011100
00000000000000000000000001011101
00000000000000000000000001011110
00000000000000000000000001011111
00000000000000000000000001100000
00000000000000000000000001100001
00000000000000000000000001100010
00000000000000000000000001100011
00000000000000000000000001100100
00000000000000000000000001100101
00000000000000000000000001100110
00000000000000000000000001100111
00000000000000000000000001101000
00000000000000000000000001101001
00000000000000000000000001101010
00000000000000000000000001101011
00000000000000000000000001101100
00000000000000000000000001101101
00000000000000000000000001101110
00000000000000000000000001101111
00000000000000000000000001110000
00000000000000000000000001110001
00000000000000000000000001110010
00000000000000000000000001110011
00000000000000000000000001110100
00000000000000000000000001110101
00000000000000000000000001110110
00000000000000000000000001110111
00000000000000000000000001111000
00000000000000000000000001111001
00000000000000000000000001111010
00000000000000000000000001111011
00000000000000000000000001111100
00000000000000000000000001111101
00000000000000000000000001111110
00000000000000000000000001111111
00000000000000000000000010000000
00000000000000000000000010000001
00000000000000000000000010000010
00000000000000000000000010000011
00000000000000000000000010000100
00000000000000000000000010000101
00000000000000000000000010000110
00000000000000000000000010000111
00000000000000000000000010001000
00000000000000000000000010001001
00000000000000000000000010001010
00000000000000000000000010001011
00000000000000000000000010001100
00000000000000000000000010001101
00000000000000000000000010001110
00000000000000000000000010001111
00000000000000000000000010010000
00000000000000000000000010010001
00000000000000000000000010010010
00000000000000000000000010010011
00000000000000000000000010010100
00000000000000000000000010010101
00000000000000000000000010010110
00000000000000000000000010010111
00000000000000000000000010011000
00000000000000000000000010011001
00000000000000000000000010011010
00000000000000000000000010011011
00000000000000000000000010011100
00000000000000000000000010011101
00000000000000000000000010011110
00000000000000000000000010011111
00000000000000000000000010100000
00000000000000000000000010100001
00000000000000000000000010100010
00000000000000000000000010100011
00000000000000000000000010100100
00000000000000000000000010100101
00000000000000000000000010100110
00000000000000000000000010100111
00000000000000000000000010101000
00000000000000000000000010101001
00000000000000000000000010101010
00000000000000000000000010101011
00000000000000000000000010101100
00000000000000000000000010101101
00000000000000000000000010101110
00000000000000000000000010101111
00000000000000000000000010110000
00000000000000000000000010110001
00000000000000000000000010110010
00000000000000000000000010110011
00000000000000000000000010110100
00000000000000000000000010110101
00000000000000000000000010110110
00000000000000000000000010110111
00000000000000000000000010111000
00000000000000000000000010111001
00000000000000000000000010111010
00000000000000000000000010111011
00000000000000000000000010111100
00000000000000000000000010111101
00000000000000000000000010111110
00000000000000000000000010111111
00000000000000000000000011000000
00000000000000000000000011000001
00000000000000000000000011000010
00000000000000000000000011000011
00000000000000000000000011000100
00000000000000000000000011000101
00000000000000000000000011000110
00000000000000000000000011000111
00000000000000000000000011001000
00000000000000000000000011001001
00000000000000000000000011001010
00000000000000000000000011001011
00000000000000000000000011001100
00000000000000000000000011001101
00000000000000000000000011001110
00000000000000000000000011001111
00000000000000000000000011010000
00000000000000000000000011010001
00000000000000000000000011010010
00000000000000000000000011010011
00000000000000000000000011010100
00000000000000000000000011010101
00000000000000000000000011010110
00000000000000000000000011010111
00000000000000000000000011011000
00000000000000000000000011011001
00000000000000000000000011011010
00000000000000000000000011011011
00000000000000000000000011011100
00000000000000000000000011011101
00000000000000000000000011011110
00000000000000000000000011011111
00000000000000000000000011100000
00000000000000000000000011100001
00000000000000000000000011100010
00000000000000000000000011100011
00000000000000000000000011100100
00000000000000000000000011100101
00000000000000000000000011100110
00000000000000000000000011100111
00000000000000000000000011101000
00000000000000000000000011101001
00000000000000000000000011101010
00000000000000000000000011101011
00000000000000000000000011101100
00000000000000000000000011101101
00000000000000000000000011101110
00000000000000000000000011101111
00000000000000000000000011110000
00000000000000000000000011110001
00000000000000000000000011110010
00000000000000000000000011110011
00000000000000000000000011110100
00000000000000000000000011110101
00000000000000000000000011110110
00000000000000000000000011110111
00000000000000000000000011111000
00000000000000000000000011111001
00000000000000000000000011111010
00000000000000000000000011111011
00000000000000000000000011111100
00000000000000000000000011111101
00000000000000000000000011111110
00000000000000000000000011111111
11111111111111111111111100000000
11111111111111111111111100000001
11111111111111111111111100000010
11111111111111111111111100000011
11111111111111111111111100000100
11111111111111111111111100000101
11111111111111111111111100000110
11111111111111111111111100000111
11111111111111111111111100001000
11111111111111111111111100001001
11111111111111111111111100001010
11111111111111111111111100001011
11111111111111111111111100001100
11111111111111111111111100001101
11111111111111111111111100001110
11111111111111111111111100001111
11111111111111111111111100010000
11111111111111111111111100010001
11111111111111111111111100010010
11111111111111111111111100010011
11111111111111111111111100010100
11111111111111111111111100010101
11111111111111111111111100010110
11111111111111111111111100010111
11111111111111111111111100011000
11111111111111111111111100011001
11111111111111111111111100011010
11111111111111111111111100011011
11111111111111111111111100011100
11111111111111111111111100011101
11111111111111111111111100011110
11111111111111111111111100011111
11111111111111111111111100100000
11111111111111111111111100100001
11111111111111111111111100100010
11111111111111111111111100100011
11111111111111111111111100100100
11111111111111111111111100100101
11111111111111111111111100100110
11111111111111111111111100100111
11111111111111111111111100101000
11111111111111111111111100101001
11111111111111111111111100101010
11111111111111111111111100101011
11111111111111111111111100101100
11111111111111111111111100101101
11111111111111111111111100101110
11111111111111111111111100101111
11111111111111111111111100110000
11111111111111111111111100110001
11111111111111111111111100110010
11111111111111111111111100110011
11111111111111111111111100110100
11111111111111111111111100110101
11111111111111111111111100110110
11111111111111111111111100110111
11111111111111111111111100111000
11111111111111111111111100111001
11111111111111111111111100111010
11111111111111111111111100111011
11111111111111111111111100111100
11111111111111111111111100111101
11111111111111111111111100111110
11111111111111111111111100111111
11111111111111111111111101000000
11111111111111111111111101000001
11111111111111111111111101000010
11111111111111111111111101000011
11111111111111111111111101000100
11111111111111111111111101000101
11111111111111111111111101000110
11111111111111111111111101000111
11111111111111111111111101001000
11111111111111111111111101001001
11111111111111111111111101001010
11111111111111111111111101001011
11111111111111111111111101001100
11111111111111111111111101001101
11111111111111111111111101001110
11111111111111111111111101001111
11111111111111111111111101010000
11111111111111111111111101010001
11111111111111111111111101010010
11111111111111111111111101010011
11111111111111111111111101010100
11111111111111111111111101010101
11111111111111111111111101010110
11111111111111111111111101010111
11111111111111111111111101011000
11111111111111111111111101011001
11111111111111111111111101011010
11111111111111111111111101011011
11111111111111111111111101011100
11111111111111111111111101011101
11111111111111111111111101011110
11111111111111111111111101011111
11111111111111111111111101100000
11111111111111111111111101100001
11111111111111111111111101100010
11111111111111111111111101100011
11111111111111111111111101100100
11111111111111111111111101100101
11111111111111111111111101100110
11111111111111111111111101100111
11111111111111111111111101101000
11111111111111111111111101101001
11111111111111111111111101101010
11111111111111111111111101101011
11111111111111111111111101101100
11111111111111111111111101101101
11111111111111111111111101101110
11111111111111111111111101101111
11111111111111111111111101110000
11111111111111111111111101110001
11111111111111111111111101110010
11111111111111111111111101110011
11111111111111111111111101110100
11111111111111111111111101110101
11111111111111111111111101110110
11111111111111111111111101110111
11111111111111111111111101111000
11111111111111111111111101111001
11111111111111111111111101111010
11111111111111111111111101111011
11111111111111111111111101111100
11111111111111111111111101111101
11111111111111111111111101111110
11111111111111111111111101111111
11111111111111111111111110000000
11111111111111111111111110000001
11111111111111111111111110000010
11111111111111111111111110000011
11111111111111111111111110000100
11111111111111111111111110000101
11111111111111111111111110000110
11111111111111111111111110000111
11111111111111111111111110001000
11111111111111111111111110001001
11111111111111111111111110001010
11111111111111111111111110001011
11111111111111111111111110001100
11111111111111111111111110001101
11111111111111111111111110001110
11111111111111111111111110001111
11111111111111111111111110010000
11111111111111111111111110010001
11111111111111111111111110010010
11111111111111111111111110010011
11111111111111111111111110010100
11111111111111111111111110010101
11111111111111111111111110010110
11111111111111111111111110010111
11111111111111111111111110011000
11111111111111111111111110011001
11111111111111111111111110011010
11111111111111111111111110011011
11111111111111111111111110011100
11111111111111111111111110011101
11111111111111111111111110011110
11111111111111111111111110011111
11111111111111111111111110100000
11111111111111111111111110100001
11111111111111111111111110100010
11111111111111111111111110100011
11111111111111111111111110100100
11111111111111111111111110100101
11111111111111111111111110100110
11111111111111111111111110100111
11111111111111111111111110101000
11111111111111111111111110101001
11111111111111111111111110101010
11111111111111111111111110101011
11111111111111111111111110101100
11111111111111111111111110101101
11111111111111111111111110101110
11111111111111111111111110101111
11111111111111111111111110110000
11111111111111111111111110110001
11111111111111111111111110110010
11111111111111111111111110110011
11111111111111111111111110110100
11111111111111111111111110110101
11111111111111111111111110110110
11111111111111111111111110110111
11111111111111111111111110111000
11111111111111111111111110111001
11111111111111111111111110111010
11111111111111111111111110111011
11111111111111111111111110111100
11111111111111111111111110111101
11111111111111111111111110111110
11111111111111111111111110111111
11111111111111111111111111000000
11111111111111111111111111000001
11111111111111111111111111000010
11111111111111111111111111000011
11111111111111111111111111000100
11111111111111111111111111000101
11111111111111111111111111000110
11111111111111111111111111000111
11111111111111111111111111001000
11111111111111111111111111001001
11111111111111111111111111001010
11111111111111111111111111001011
11111111111111111111111111001100
11111111111111111111111111001101
11111111111111111111111111001110
11111111111111111111111111001111
11111111111111111111111111010000
11111111111111111111111111010001
11111111111111111111111111010010
11111111111111111111111111010011
11111111111111111111111111010100
11111111111111111111111111010101
11111111111111111111111111010110
11111111111111111111111111010111
11111111111111111111111111011000
11111111111111111111111111011001
11111111111111111111111111011010
11111111111111111111111111011011
11111111111111111111111111011100
11111111111111111111111111011101
11111111111111111111111111011110
11111111111111111111111111011111
11111111111111111111111111100000
11111111111111111111111111100001
11111111111111111111111111100010
11111111111111111111111111100011
11111111111111111111111111100100
11111111111111111111111111100101
11111111111111111111111111100110
11111111111111111111111111100111
11111111111111111111111111101000
11111111111111111111111111101001
11111111111111111111111111101010
11111111111111111111111111101011
11111111111111111111111111101100
11111111111111111111111111101101
11111111111111111111111111101110
11111111111111111111111111101111
11111111111111111111111111110000
11111111111111111111111111110001
11111111111111111111111111110010
11111111111111111111111111110011
11111111111111111111111111110100
11111111111111111111111111110101
11111111111111111111111111110110
11111111111111111111111111110111
11111111111111111111111111111000
11111111111111111111111111111001
11111111111111111111111111111010
11111111111111111111111111111011
11111111111111111111111111111100
11111111111111111111111111111101
11111111111111111111111111111110
11111111111111111111111111111111
11001010101111100010100100011010
10100111111101011010001111010011
01010100100000111111100110101110
10001101010011111110001011110010
01110101000101010010011000101011
11000001111011110010011110100000
10000100011111011101111001000000
01010101100111001111000010100100
01000010000010100010010011000110
10100101000110000011001001010111
01000010000100100000001111001101
00110101111001000000001110101011
10110111111101100110000101101111
10011101001001001001001100011011
10110000101010110110001011000011
00101010000100011001101100001000
10111010010001001010000011010111
10010101001001111011100111101011
01111001110100110001100001110011
00000110100000110111101100111001
00110001011101001110111110111011
01101011011100100010101110101011
10010110111001001101001111110101
01110111110010111000001111110011
00000010100101000001111010011100
11001010101010010001011000111101
10010101000110001100101110100011
01010001010111101010001110011101
10011101001000100111101100010011
00111100110001000111010111100011
01110111110001010011001001010110
11101010001101000010011010011101
01011101110001010111101010101000
11110110011101010111010100011110
