1012
-2147483648
-51799
-1000
-99
-16
-11
-8
-6
-1
0
1
2
3
4
5
6
7
8
9
10
11
12
13
14
15
16
17
18
19
20
21
22
23
24
25
26
27
28
29
30
31
32
33
34
35
36
37
38
39
40
41
42
43
44
45
46
47
48
49
50
51
52
53
54
55
56
57
58
59
60
61
62
63
64
65
66
67
68
69
70
71
72
73
74
75
76
77
78
79
80
81
82
83
84
85
86
87
88
89
90
91
92
93
94
95
96
97
98
99
100
101
102
103
104
105
106
107
108
109
110
111
112
113
114
115
116
117
118
119
120
121
122
123
124
125
126
127
128
129
130
131
132
133
134
135
136
137
138
139
140
141
142
143
144
145
146
147
148
149
150
151
152
153
154
155
156
157
158
159
160
161
162
163
164
165
166
167
168
169
170
171
172
173
174
175
176
177
178
179
180
181
182
183
184
185
186
187
188
189
190
191
192
193
194
195
196
197
198
199
200
201
202
203
204
205
206
207
208
209
210
211
212
213
214
215
216
217
218
219
220
221
222
223
224
225
226
227
228
229
230
231
232
233
234
235
236
237
238
239
240
241
242
243
244
245
246
247
248
249
250
251
252
253
254
255
256
257
258
259
260
261
262
263
264
265
266
267
268
269
270
271
272
273
274
275
276
277
278
279
280
281
282
283
284
285
286
287
288
289
290
291
292
293
294
295
296
297
298
299
300
301
302
303
304
305
306
307
308
309
310
311
312
313
314
315
316
317
318
319
320
321
322
323
324
325
326
327
328
329
330
331
332
333
334
335
336
337
338
339
340
341
342
343
344
345
346
347
348
349
350
351
352
353
354
355
356
357
358
359
360
361
362
363
364
365
366
367
368
369
370
371
372
373
374
375
376
377
378
379
380
381
382
383
384
385
386
387
388
389
390
391
392
393
394
395
396
397
398
399
400
401
402
403
404
405
406
407
408
409
410
411
412
413
414
415
416
417
418
419
420
421
422
423
424
425
426
427
428
429
430
431
432
433
434
435
436
437
438
439
440
441
442
443
444
445
446
447
448
449
450
451
452
453
454
455
456
457
458
459
460
461
462
463
464
465
466
467
468
469
470
471
472
473
474
475
476
477
478
479
480
481
482
483
484
485
486
487
488
489
490
491
492
493
494
495
496
497
498
499
500
214797179
1641249143
1233791327
937351770
324063867
905391974
306506825
540124044
222636990
729827647
329213696
1484923838
284677660
737200385
1332185066
1305744254
1503922864
970867302
1301514002
1239799931
1558849109
1634974424
583474588
1915827250
731584820
1398660763
223599938
920408890
1397794936
1426438055
1009580816
1369479539
466056668
698168211
1816123984
2046060685
2144678529
352707333
1249646820
1041605956
1497728193
1857430707
841658902
574413885
272885600
322409277
1799537089
1772391175
1441652047
1540411209
1241932659
762610992
839620975
823913485
1375061775
1828843182
2092628113
911087423
862187404
1399950515
644528943
348736734
293604465
1715933796
2006186542
1253566749
1628540853
1108373126
53528980
1901323493
1873326822
777792174
64689696
977638166
1620657174
391830990
1868799855
1026549767
1775500110
217519461
1833830466
1697341502
872943400
57170794
1244423961
540253056
3179661
383221341
1728786259
256994623
1396311107
860233629
2084513995
1231760655
763098373
810370346
1253269093
1269049265
1352773198
1327152631
288282241
194571891
2067547544
561972306
993544641
1059647816
1663083282
783942021
121362824
710869699
906912194
1035259594
1923601011
1408537438
1846115346
963881212
1254143050
1540362617
1923907467
398650239
899513169
1802004512
360525685
1636237817
776661116
1846850822
1841702336
1439722839
393850469
1810804499
2055127548
1937653845
1017633875
350924960
360046100
263145013
1817663654
1986841158
1115262090
1713802275
720765705
2099421716
279678506
1933213621
1764983879
2073010423
975722928
1223202215
1966379610
507192601
1476441493
1898014389
1597391365
1111260176
764284718
2094408100
1719451345
1023029736
1951326644
2038437645
1920262800
2078172542
785271985
1061067574
1933914301
1008535921
1131056786
862437034
76731167
1609144747
99524460
1035636681
513202151
1668844491
368427728
1685799861
305344009
2025331715
241840818
131294486
109162900
1671466446
1075292700
1364406510
469060429
2144843814
1237168980
1004609199
602627843
1299699245
1275235038
1003555016
1633935135
1100797348
445707811
1681286325
224452721
824044003
175999608
267748280
1569207237
1807744732
494029853
1927369715
1892881402
1986405456
885617312
1186697095
670932503
2033864292
181831597
1398897475
707741122
1305601590
1306400498
1548237852
20765890
664267515
1225191658
1993925699
970945381
253130114
2109904
1490402841
1459349937
549686230
1190718528
9274642
221713831
1394439508
565181030
1895494442
88172124
1333254407
1129688644
1602774415
233400053
422671628
1958244429
1514927238
580139418
1993983498
2049046010
1701706765
759507784
236886323
2049083905
1811881637
1721346451
1624703179
1228536091
670589881
1388121757
913822217
2024890970
1076424214
1128329193
1773378589
1764212168
1840469731
1385108674
686910687
946112764
529079245
1700006115
1465900812
497564675
1774648237
421499589
1851410136
1105355866
1120322478
854593681
19561816
963999276
185170872
2069080389
309070335
1647126076
629226313
455076587
364140516
436226847
809748304
2007472505
2040522537
136942757
155340931
181649498
1223419114
920690284
2082394403
1536264505
2059948228
329619025
443295785
45084149
330558725
173754229
1304013528
1271199591
1399492571
1133043309
910067939
1987777668
426080778
1719298784
1872087481
64862464
686569412
2038729526
1333400573
1214136270
1373196951
2066558358
827146409
1153825202
406671487
77138954
482194262
589239509
231996281
1341246507
990167813
1138295642
1372870961
1644388715
1482548222
2048575647
536331872
984353525
496994780
1008022373
885044838
1476037805
203509655
957251202
1602362013
1253339851
39347951
1682363977
1264501884
1022508023
601489351
831640037
798522259
1615908406
679139019
900938454
134598467
1355394467
705742078
1532590141
532301534
1990571284
788754767
1311904087
1374984175
431534578
1226237327
2083158281
1746664128
374993426
1367513790
1570043045
446269378
1771279242
57366877
562378739
509104240
1953977403
520793256
846410084
1559092799
1889276865
1753142129
1106818290
1390791764
407417242
2129158249
1646135173
637375599
702897031
443137473
201012607
1977627065
1900258175
74132430
317802586
708727682
1513797685
428229225
278203205
936221694
1288739
2021557657
1484947740
1995055029
331698194
2006986903
1415200140
2389079
1081056348
1617960854
235256976
1679732786
203447742
1582497192
1148263041
237636765
732267966
779537730
376854279
1167207890
528850914
875481361
219639726
250304720
2098931714
1181053024
854371017
1363084345
1188131505
1503453587
2068129003
2034808414
1471498750
1878718013
1686370275
530591085
1015619287
1299811669
1146063287
1133392669
292973357
1723448223
1637201137
1033704212
878625882
344690395
1672141880
989007253
1291531910
299918770
1832116591
526597266
959103399
1932798523
93019321
2068477705
957623512
1106434984
515124118
772314007
529783020
1870367746
696621928
1059686701
569546020
745354466
1299757630
833425480
521595645
2052141883
1988339405
2073365937
1370101694
651885697
1122876241
1823953808
895215992
1324772799
395547110
1286058938
663688771
903636887
1581429448
423487733
268955376
511079927
1196708185
425395376
62932514
1934944510
223889811
4635420
93518188
502675747
1311184875
1724114677
671855814
960656943
1197169384
1274617874
698486635
1637184872
1178610912
1459988750
1864995403
1773819018
2123366400
2147483647
