208
0
0
0
1 0
1 1
0
1 2
1 1
1 1
1 2
1 1
1 1
0
3 1 2 4
3 1 3 4
1 0
1 5
3 1 2 4
2 -9 3
2 5 7
6 -10 -6 -6 -6 -3 5
0
0
2 -5 1
7 -10 -10 -9 -4 1 6 6
1 -7
2 -2 5
6 -9 -6 -3 -1 1 6
7 -10 -9 -6 -4 1 9 9
6 -5 -3 0 7 8 8
7 -9 -7 -3 -3 -1 2 3
8 -7 -7 -6 -6 -5 -3 2 4
2 -6 5
0
0
8 -8 -3 -1 1 2 4 6 6
5 -4 -2 0 1 4
9 -9 -8 -6 -6 -5 -1 1 4 9
6 -10 -9 -9 0 1 8
2 -1 9
6 -10 -7 -6 -4 -3 2
3 -8 -5 6
1 -6
0
5 -8 -3 0 1 6
3 -5 4 8
1 -2
7 -8 -6 1 2 3 7 8
0
7 -10 -8 -7 0 7 7 8
8 -10 -7 -6 -2 -1 -1 0 2
3 4 6 7
5 -6 -3 -2 2 3
7 -10 -8 -6 -5 1 6 7
9 -9 -7 -6 -1 0 1 2 4 7
5 -10 -6 4 6 8
3 1 3 6
1 -9
7 -9 -5 -3 -2 -2 3 7
6 -10 -8 -4 -3 -1 3
5 -8 -6 -1 1 8
7 -10 -7 -5 0 2 6 9
4 -2 -1 5 6
3 5 8 8
5 -6 -5 6 6 7
1 0
1 6
1 2
0
9 -7 -4 0 0 1 3 6 7 8
8 -10 -4 -4 0 0 1 4 6
0
7 -3 -2 -2 -1 1 2 2
3 4 6 8
7 -10 -3 -2 -2 -2 -1 7
0
8 -6 -5 -1 1 1 2 3 6
3 2 3 5
8 -8 -6 -6 -3 0 4 4 8
5 -7 -4 -3 0 5
6 -8 -8 1 4 6 9
3 -9 -8 1
3 -3 6 6
0
4 -10 -5 5 6
2 1 4
6 -8 -5 -4 1 8 8
6 -8 -6 1 2 7 9
6 -7 -4 1 6 6 9
4 -8 -6 1 5
9 -10 -8 -8 -7 -5 -5 -1 2 9
4 -10 5 5 8
6 -10 -7 -5 -4 6 7
2 2 6
8 -6 -2 -1 0 3 6 7 9
9 -9 -7 -5 -5 -1 0 0 5 9
5 -7 -2 2 4 6
5 -10 -6 -6 6 8
8 -9 -6 -3 -2 -1 0 6 7
9 -5 -4 -1 0 1 2 4 6 7
1 2
7 -9 -6 -4 -3 -2 2 3
4 -7 -2 -1 5
6 -10 -7 -6 -5 -5 -3
6 -9 -6 -5 -3 3 7
3 -4 6 7
4 -3 2 4 6
2 -10 -6
8 -8 -6 -4 -2 0 1 3 6
0
2 -4 -1
3 -7 -4 -4
5 -10 -1 2 4 8
9 -9 -6 -2 -1 3 4 6 7 7
9 -10 -9 -7 -1 -1 3 3 7 7
6 -6 -4 1 1 2 6
6 -9 -4 0 0 1 8
2 -4 9
3 -8 2 3
1 -4
2 2 5
1 -2
4 -10 -6 0 3
4 -3 2 2 6
3 -8 -1 4
8 -8 0 1 2 5 6 8 9
7 -8 -7 -4 0 7 8 9
1 -3
1 4
0
5 2 4 7 8 9
6 -6 -4 -4 4 5 9
2 -9 -8
6 -7 2 2 7 8 8
9 -10 -10 -8 -8 -5 -4 2 3 6
1 2
0
5 -9 -8 4 5 8
3 -10 -5 5
3 -5 1 2
6 -10 -5 1 3 7 8
0
5 -8 -3 -1 0 5
0
6 -5 -3 -2 0 5 6
7 -10 -8 -8 -4 -3 -3 2
0
3 -1 1 4
9 -10 -9 -9 -6 2 3 6 6 9
2 -8 6
7 -9 -9 -3 2 5 6 9
5 -8 -7 -4 -3 9
7 -10 -9 -7 -5 -1 1 2
0
4 -10 -8 -8 3
4 -4 1 5 8
2 -3 8
5 -5 1 1 5 8
5 -8 -4 -1 6 7
5 -8 -7 -4 -2 3
5 -10 1 4 5 7
2 -8 -6
8 -5 -2 1 3 4 7 8 9
6 -8 -7 -5 -4 6 6
2 -10 8
2 -4 1
9 -10 -6 -1 -1 -1 2 7 8 8
8 -10 -10 -8 -6 0 2 5 7
4 -9 -7 4 6
5 -7 3 4 7 9
7 -2 1 6 7 7 9 9
5 -7 -1 2 3 9
7 -6 -6 -4 -3 1 2 9
4 -9 -4 -3 -1
3 -5 -4 7
4 -6 0 3 6
6 -6 -3 1 2 4 5
1 -3
3 -7 -3 4
3 -1 6 7
1 0
5 -10 -10 -7 3 6
7 -8 -1 -1 4 5 6 8
4 -9 -8 -4 2
3 -5 2 9
5 -10 -8 -1 2 6
5 -3 0 1 9 9
2 3 8
8 -10 -10 -8 -3 -3 4 4 7
7 -8 -5 -4 2 2 4 7
2 -9 6
4 -6 -5 -5 1
4 -7 -5 -2 8
2 7 9
1 9
4 -6 -5 -2 6
2 -4 1
5 -7 -7 -5 -3 0
3 -9 -9 -2
5 -3 -3 1 2 2
9 -9 -8 -7 -5 -1 4 8 9 9
4 -10 -3 5 8
4 -9 -6 -4 3
1 -1
5 -10 -9 -9 -8 7
3 -10 -8 3
5 -8 -4 -1 3 4
2 -2 7
8 -10 -4 -4 -4 0 5 6 9
8 -10 -7 -7 -6 -3 -1 5 6
8 -7 -6 -6 -5 -1 0 2 7
8 -10 -9 -5 -4 -4 -2 -2 2
3 -5 1 5
3 -4 8 8
1 4
3 -7 5 7
4 -17 5 19 19
39 -30 -29 -28 -28 -27 -26 -26 -23 -23 -21 -18 -18 -17 -15 -14 -13 -13 -8 -8 -7 -7 -4 -2 0 1 5 5 5 7 11 13 13 15 17 17 26 26 27 28
25 -20 -19 -17 -17 -13 -5 -5 -4 -1 -1 0 1 11 16 18 19 20 21 21 22 22 23 25 28 29
20 -30 -27 -22 -21 -18 -17 -17 -13 -13 -5 -4 -1 0 6 7 8 10 15 25 27
42 -30 -27 -27 -23 -23 -22 -21 -21 -19 -19 -16 -16 -15 -13 -9 -9 -5 -5 -3 -2 0 5 5 6 6 7 7 8 9 9 11 11 12 16 20 22 23 23 24 25 25 26
16 -25 -25 -22 -20 -18 -17 -11 -2 -2 5 9 13 21 28 28 29
30 -27 -27 -25 -24 -24 -23 -23 -22 -20 -18 -18 -14 -14 -12 -7 -5 1 7 11 12 16 17 17 18 25 25 25 27 27 29
47 -29 -28 -28 -28 -27 -24 -24 -24 -23 -23 -21 -21 -21 -21 -18 -17 -16 -16 -13 -13 -12 -11 -7 -7 -5 -4 -3 0 1 1 5 6 6 11 11 12 15 17 18 19 19 21 25 27 27 29 29
23 -29 -20 -19 -15 -8 -7 -5 -5 -4 -3 -2 0 2 3 3 8 10 10 14 18 22 23 27
45 -28 -28 -27 -27 -26 -26 -25 -24 -24 -24 -23 -23 -21 -17 -16 -15 -14 -14 -10 -9 -8 -8 -7 -6 -5 -5 0 1 5 6 6 8 8 10 10 11 12 12 12 13 13 17 20 21 26
25 -28 -26 -26 -25 -15 -9 -5 -3 1 3 4 5 7 8 11 13 14 15 22 23 23 24 25 26 26
40 -30 -30 -29 -26 -25 -25 -23 -23 -21 -21 -21 -17 -16 -15 -14 -14 -14 -10 -6 -5 -2 -1 -1 -1 5 10 11 13 14 16 16 20 20 21 23 25 25 26 26 28
7 -27 -25 -25 -7 11 20 24
8 -21 -18 -17 -17 -14 3 17 21
8 -30 -28 -22 -21 3 6 11 23
35 -30 -27 -27 -25 -22 -22 -21 -20 -19 -18 -18 -17 -13 -13 -12 -9 -8 -7 -5 -1 0 0 1 2 5 7 7 10 11 12 16 22 26 26 27
17 -29 -26 -21 -11 -3 3 5 6 7 8 10 13 15 25 26 26 29
13 -29 -27 -27 -24 -23 -13 -7 -5 4 18 25 28 29
32 -30 -30 -26 -25 -25 -24 -21 -19 -17 -17 -15 -12 -6 -5 2 6 6 8 10 11 12 13 14 16 18 20 21 21 22 25 26 28
4 -26 1 8 28
47 -29 -27 -27 -27 -26 -25 -24 -23 -23 -23 -23 -18 -15 -14 -10 -10 -10 -9 -8 -6 -6 -6 -3 -3 -3 -1 -1 1 2 3 4 12 14 14 17 20 21 21 24 24 25 26 26 26 28 28 29
41 -29 -29 -28 -26 -26 -24 -22 -22 -22 -20 -20 -19 -18 -14 -14 -13 -12 -12 -11 -11 -5 -5 -4 -3 -3 -2 -1 3 4 6 10 14 15 15 20 21 21 25 26 27 29
14 -30 -28 -7 -2 4 6 6 8 9 13 19 22 27 28
48 -28 -26 -26 -26 -25 -24 -24 -22 -21 -21 -20 -20 -17 -15 -13 -10 -9 -6 -4 -1 -1 -1 0 2 3 3 3 3 4 4 6 7 11 12 12 13 14 15 15 16 19 19 21 25 26 26 27 28
20 -27 -24 -18 -14 -10 -10 -8 -6 -5 -1 -1 3 5 7 9 12 15 20 23 26
39 -30 -29 -27 -24 -22 -22 -21 -21 -15 -13 -12 -12 -10 -9 -7 -7 -5 -5 -4 -1 1 2 3 5 6 6 6 8 9 11 18 19 20 22 23 24 27 28 28
48 -30 -26 -25 -24 -24 -23 -23 -21 -21 -20 -19 -19 -17 -16 -16 -16 -12 -9 -9 -7 -6 -6 -6 -3 2 2 2 3 4 5 6 8 9 9 12 12 13 13 15 16 18 19 19 23 23 24 27 28
41 -29 -29 -26 -25 -22 -21 -20 -18 -18 -17 -16 -13 -11 -11 -11 -8 -6 -5 -4 -1 0 1 3 5 7 7 8 12 13 13 16 18 20 20 21 21 25 25 25 26 27
43 -30 -30 -28 -25 -24 -23 -23 -21 -19 -19 -19 -18 -14 -14 -13 -10 -10 -9 -8 -7 -3 -2 -1 2 3 5 7 8 10 13 14 16 16 17 17 18 21 23 25 26 27 28 29
49 -30 -30 -29 -26 -26 -26 -26 -25 -24 -24 -22 -22 -21 -20 -20 -16 -15 -9 -9 -7 -5 -1 0 1 2 2 4 4 4 5 6 6 8 9 10 11 12 14 15 17 19 20 21 22 24 25 25 27 28
13 -27 -23 -19 -17 -12 5 7 9 9 17 17 18 19
49 -30 -30 -29 -27 -27 -24 -23 -23 -21 -20 -17 -15 -13 -9 -8 -5 -4 -4 -4 -3 -1 0 2 3 4 5 6 6 6 7 10 11 11 11 13 16 17 19 19 19 21 23 23 23 26 27 27 27 28
2 9 23
11 -22 -20 -14 -12 -2 5 13 18 19 20 22
8 -29 -22 -5 10 14 21 28 28
6 -27 -6 -6 5 21 26
49 -28 -24 -22 -22 -21 -21 -20 -20 -19 -18 -17 -10 -8 -7 -7 -6 -2 -2 -2 -2 -1 -1 1 2 3 3 4 4 6 6 6 8 10 12 17 18 18 19 20 21 22 22 23 24 24 25 25 28 29
5 -29 -23 -21 11 21
45 -29 -23 -22 -21 -20 -19 -19 -18 -17 -17 -16 -15 -13 -12 -5 -4 -4 -4 -3 -3 2 2 4 5 5 7 7 7 7 8 8 8 9 9 11 16 17 17 23 24 27 28 29 29 29
34 -30 -28 -25 -22 -21 -20 -20 -17 -16 -15 -14 -14 -14 -12 -11 -11 -8 -1 -1 0 4 8 13 14 14 17 20 21 22 25 26 26 27 29
22 -26 -25 -22 -21 -20 -18 -17 -10 -6 1 3 5 7 11 12 12 12 13 18 19 21 23
6 -30 -29 -26 -9 4 7
46 -30 -29 -29 -28 -28 -27 -27 -26 -24 -15 -14 -13 -13 -12 -12 -11 -5 -4 -4 -3 -3 -2 -1 -1 0 1 5 8 9 9 9 10 11 13 17 22 23 23 25 25 26 27 27 28 29 29
37 -28 -24 -21 -21 -20 -18 -18 -16 -15 -13 -12 -10 -10 -9 -8 -8 -7 -5 -1 -1 0 0 2 2 2 4 4 9 11 13 13 15 17 21 28 29 29
3 -5 6 13
19 -28 -27 -21 -15 -11 -8 -7 -6 -3 0 5 6 12 14 15 24 25 25 27
15 -30 -29 -20 -18 -13 -11 -4 -2 -2 -1 2 5 12 13 16
17 -29 -29 -28 -18 -15 -7 0 3 6 6 6 12 14 19 21 23 23
30 -29 -26 -23 -21 -12 -12 -9 -9 -7 -7 -5 -4 -3 -2 0 1 3 3 11 11 13 15 15 16 20 20 24 25 26 29
16 -29 -23 -23 -21 -17 -15 -9 -4 -4 2 9 10 10 18 20 27
2 9 14
33 -28 -27 -27 -21 -18 -18 -17 -16 -13 -11 -10 -6 -6 -1 -1 0 0 2 2 3 6 9 10 10 10 11 12 21 21 21 25 28 29
38 -30 -29 -27 -24 -23 -21 -20 -18 -17 -17 -16 -14 -13 -11 -10 -9 -6 3 3 5 6 7 8 9 9 12 12 13 13 15 18 20 22 22 23 24 26 28
18 -19 -13 -12 -8 -6 1 1 1 2 2 6 12 15 20 21 22 25 26
44 -30 -27 -26 -26 -25 -25 -22 -22 -21 -21 -21 -19 -18 -15 -13 -12 -12 -10 -4 -4 1 1 4 8 10 10 12 13 15 15 16 16 16 18 19 21 21 23 23 25 28 28 29 29
47 -30 -30 -29 -29 -28 -26 -25 -25 -23 -22 -21 -19 -19 -17 -16 -14 -14 -13 -13 -11 -9 -8 -8 -7 0 2 2 4 4 6 7 9 9 10 11 11 12 13 13 15 15 21 24 24 25 26 29
22 -25 -19 -18 -15 -14 -11 -9 -3 -3 -2 1 1 3 6 10 11 15 16 21 22 24 27
40 -28 -28 -26 -26 -26 -26 -25 -24 -23 -19 -19 -19 -17 -17 -14 -14 -11 -7 -7 -6 -5 -3 -1 0 4 6 7 8 12 14 16 16 20 21 22 23 24 26 27 28
35 -30 -26 -23 -17 -15 -15 -14 -11 -8 -7 -4 -3 2 5 6 6 6 7 8 11 12 15 16 18 19 19 19 19 21 22 24 24 27 27 29
22 -30 -30 -29 -21 -18 -17 -7 -6 -6 -5 -4 4 7 7 12 15 17 18 24 27 28 29
29 -29 -28 -28 -28 -25 -24 -23 -22 -21 -20 -17 -14 -12 -11 -11 -8 -4 2 4 6 7 7 7 8 14 15 17 24 29
26 -30 -28 -26 -24 -23 -23 -19 -17 -14 -10 -9 -9 -6 -5 -4 2 9 13 14 14 15 16 16 18 20 23
40 -30 -30 -26 -26 -24 -23 -21 -20 -19 -18 -18 -14 -13 -13 -7 -5 -4 -3 -1 -1 0 1 1 4 5 9 9 10 11 11 14 15 18 21 23 24 27 28 28 29
16 -30 -22 -17 -15 -15 -13 -1 0 0 9 10 18 20 24 28 29
44 -30 -29 -28 -28 -26 -25 -24 -21 -21 -20 -19 -16 -16 -13 -8 -8 -7 -6 -6 -6 -6 -5 -4 -2 -1 1 2 5 8 9 10 10 12 14 15 16 16 16 18 19 21 25 27 29
38 -30 -30 -29 -28 -27 -23 -23 -19 -13 -12 -10 -10 -9 -7 -7 -6 -5 -4 -3 -1 5 5 5 7 9 10 15 15 16 17 17 19 21 22 27 28 28 28
26 -29 -29 -26 -23 -21 -20 -17 -15 -15 -15 -13 -10 -4 1 2 6 10 13 16 17 19 21 22 24 25 26
37 -26 -25 -21 -20 -18 -16 -12 -12 -8 -3 -3 -1 -1 0 0 1 1 4 5 7 7 8 9 10 12 13 14 15 17 19 19 22 23 26 26 28 28
12 -17 -12 -11 -6 5 8 12 13 21 22 23 28
39 -27 -26 -26 -25 -24 -20 -20 -19 -18 -17 -16 -15 -14 -8 -7 -2 -2 -1 -1 0 2 3 3 4 7 9 9 10 10 11 12 16 17 17 20 23 25 28 29
40 -30 -30 -29 -25 -23 -23 -23 -23 -22 -20 -18 -15 -14 -13 -12 -12 -10 -10 -10 -6 -5 -1 5 9 10 11 12 14 16 16 17 20 20 20 21 21 25 25 25 27
27 -30 -30 -28 -20 -20 -18 -16 -15 -14 -13 -11 -10 -9 -5 4 6 6 6 11 12 13 17 18 18 21 21 26
7 -26 -25 -20 -17 -5 3 14
33 -30 -30 -24 -21 -20 -20 -20 -17 -13 -11 -11 -10 -4 -3 0 0 2 2 3 4 4 6 8 9 9 11 13 13 19 23 24 27 28
11 -28 -23 -15 -9 -1 3 3 4 5 18 25
35 -30 -26 -23 -22 -20 -17 -16 -13 -13 -10 -10 -9 -8 -7 -4 2 4 7 11 11 12 12 15 18 19 19 19 20 21 22 22 23 26 26 27
40 -30 -29 -28 -28 -25 -24 -23 -21 -20 -17 -17 -17 -17 -12 -10 -9 -9 -8 -4 -2 -1 1 1 1 2 2 3 3 5 7 8 10 12 12 13 20 20 22 26 28
37 -28 -22 -22 -20 -20 -18 -17 -15 -14 -13 -10 -9 -8 -8 -6 0 3 4 8 10 11 11 12 14 14 14 16 18 18 19 20 21 23 23 25 25 27
8 -19 -15 -13 -3 1 8 14 17
2 23 29
43 -29 -26 -24 -24 -23 -23 -20 -16 -16 -11 -11 -9 -5 -2 -2 -1 1 1 2 3 3 7 8 10 12 12 12 14 14 15 17 18 18 19 20 21 23 24 25 25 28 29 29
26 -29 -23 -22 -21 -18 -16 -16 -15 -13 -11 -7 -6 -4 -4 -3 -1 -1 3 4 5 17 17 18 23 24 24
24 -26 -22 -22 -18 -16 -16 -15 -15 -10 -4 -3 -3 1 2 3 4 5 18 18 18 19 20 25 28
31 -26 -26 -25 -22 -22 -22 -21 -20 -20 -18 -13 -12 -11 -7 -1 0 1 4 8 9 10 14 15 17 18 19 23 23 28 28 29
35 -30 -30 -29 -29 -28 -27 -27 -25 -25 -24 -22 -21 -20 -20 -19 -18 -18 -9 -6 -6 -4 1 5 7 7 12 12 14 16 16 21 25 25 27 29
32 -30 -28 -28 -26 -24 -22 -22 -21 -19 -18 -15 -9 -7 -7 -7 -5 -1 0 6 7 8 9 13 15 18 19 24 24 26 26 27 27
25 -27 -21 -16 -15 -14 -12 -9 -3 -3 3 3 3 10 13 13 15 17 19 19 20 21 22 23 25 27
38 -30 -30 -28 -28 -27 -24 -21 -20 -18 -15 -14 -12 -10 -7 -6 -4 -3 -2 0 2 3 3 4 5 6 9 9 13 14 16 18 19 23 23 23 24 28 29
38 -28 -27 -23 -23 -22 -20 -20 -20 -17 -17 -17 -15 -14 -14 -14 -12 -8 -6 -5 -3 -3 -1 0 0 1 2 3 6 8 8 11 11 14 15 21 24 24 28
35 -30 -29 -28 -27 -23 -21 -20 -18 -17 -15 -12 -10 -9 -4 -4 -4 -3 2 3 3 5 6 6 7 8 10 10 16 20 23 24 24 25 26 28
7 -17 -9 -8 5 9 22 27
21 -26 -26 -25 -18 -17 -8 -6 -6 -1 0 4 8 8 8 10 13 18 25 26 29 29
6 -18 -12 1 3 15 25
46 -30 -28 -28 -23 -17 -17 -16 -16 -15 -11 -11 -11 -10 -9 -7 -6 -3 -2 -1 0 0 2 2 3 3 4 4 4 4 5 7 8 10 10 16 19 22 23 23 25 25 28 28 28 29 29
36 -30 -30 -28 -28 -25 -23 -23 -18 -18 -17 -16 -6 -5 -4 -2 0 0 1 2 3 4 6 6 10 11 11 11 12 15 15 21 22 22 24 26 29
8 -19 -19 -5 2 6 8 8 20
5 -29 -21 -2 6 10
22 -25 -19 -17 -15 -14 -13 -9 -8 -6 -4 -1 4 5 5 9 14 18 18 27 28 28 29
41 -27 -26 -24 -22 -20 -18 -18 -17 -17 -16 -16 -13 -12 -10 -10 -9 -7 -4 -4 -2 -1 0 2 4 6 7 8 8 8 12 13 15 16 18 19 21 22 26 26 28 29
12 -12 -10 -7 -5 -2 11 14 18 18 19 21 24
20 -29 -27 -26 -22 -19 -19 -19 -18 -15 -12 -6 3 5 5 8 16 18 20 26 28
31 -25 -22 -20 -17 -16 -16 -13 -12 -11 -9 -9 -7 -6 -5 -2 1 5 5 8 11 13 15 15 16 17 17 26 27 27 29 29
1 -24
34 -28 -27 -26 -26 -23 -23 -20 -20 -19 -18 -14 -14 -10 -6 -6 -4 -4 -1 3 4 7 7 9 10 13 16 16 21 22 23 23 25 26 27
47 -30 -29 -27 -26 -26 -24 -24 -23 -22 -20 -18 -17 -16 -14 -12 -7 -7 -6 -6 -4 -4 -4 -3 1 1 1 5 6 9 10 11 14 14 18 20 21 21 22 22 22 23 23 25 25 25 25 27
46 -26 -24 -23 -23 -23 -23 -22 -21 -20 -14 -13 -13 -11 -10 -8 -6 -5 1 2 2 3 4 9 9 11 11 13 13 13 15 15 16 16 17 17 19 19 20 21 21 21 21 24 26 26 27
18 -29 -29 -25 -20 -20 -16 -14 -13 -12 -2 4 6 14 19 21 27 29 29
42 -30 -30 -30 -29 -29 -28 -27 -27 -26 -22 -21 -20 -18 -16 -16 -14 -14 -13 -12 -11 -9 -7 -6 -5 -5 -4 -3 -2 -2 -1 -1 2 3 6 8 16 17 18 20 20 23 24
2 -10 4
46 -30 -29 -29 -29 -27 -26 -25 -24 -24 -22 -18 -17 -16 -16 -13 -13 -11 -10 -10 -9 -9 -5 -4 -4 -3 -2 -2 -1 -1 1 2 3 9 11 11 12 13 15 15 17 17 17 17 22 24 29
44 -29 -28 -27 -26 -25 -22 -20 -19 -17 -13 -7 -6 -6 -6 -6 -3 -1 4 6 7 9 10 12 12 12 14 14 14 15 16 17 17 17 19 19 19 22 24 26 26 26 27 28 29
45 -29 -28 -27 -26 -25 -24 -22 -19 -19 -19 -15 -13 -10 -10 -8 -4 -3 -1 1 1 2 3 3 5 5 9 10 12 14 15 16 19 20 20 20 21 21 23 23 24 24 26 27 27 27
41 -30 -24 -22 -21 -21 -20 -20 -20 -18 -18 -16 -15 -15 -12 -11 -11 -10 -10 -6 -4 -2 -2 0 2 3 7 13 14 15 17 17 20 22 22 23 23 25 27 28 28 29
6 -8 -6 -3 -1 4 24
27 -30 -27 -26 -25 -24 -23 -21 -18 -17 -16 -14 -10 -8 -5 -5 -2 0 4 10 15 21 22 23 26 27 28 28
7 -14 -8 0 0 4 19 26
26 -25 -24 -20 -19 -11 -11 -8 -6 -3 -2 -1 -1 0 3 5 10 15 15 16 19 23 23 24 24 26 29
14 -30 -30 -27 -15 -11 -6 -2 6 13 18 22 23 26 27
39 -30 -26 -26 -26 -24 -22 -22 -21 -21 -19 -19 -18 -17 -16 -16 -15 -13 -11 -10 -8 -4 -2 0 0 0 0 0 5 9 13 13 14 15 16 18 22 24 29 29
45 -29 -23 -22 -19 -18 -18 -17 -16 -15 -15 -13 -10 -10 -9 -9 -8 -8 -7 -1 0 0 2 4 5 6 7 8 10 11 12 12 13 14 14 14 15 17 17 18 20 22 22 25 28 28
44 -27 -27 -27 -26 -24 -22 -22 -22 -21 -20 -20 -17 -16 -13 -11 -10 -10 -8 -8 -5 -3 -1 -1 1 2 4 5 6 6 7 7 8 9 9 9 11 11 12 16 18 19 20 21 23
36 -24 -22 -22 -22 -20 -15 -15 -14 -13 -10 -10 -8 -5 -5 -4 -3 -3 -2 0 2 6 8 9 10 12 12 18 19 19 24 24 24 25 26 28 28
37 -29 -28 -28 -28 -27 -26 -26 -22 -20 -18 -16 -16 -15 -15 -13 -11 -11 -8 -7 -7 -4 -4 1 3 4 5 5 6 8 10 13 15 16 18 22 26 26
32 -29 -27 -27 -25 -25 -22 -22 -21 -21 -20 -18 -17 -15 -12 -12 -7 -6 -4 0 0 1 2 2 7 16 17 21 22 23 23 24 29
3 2 5 22
26 -23 -18 -12 -11 -10 -9 -8 -8 -7 -6 -5 -4 -2 0 1 3 3 4 4 5 13 13 14 22 23 24
6 -20 -11 -3 11 16 25
32 -28 -26 -25 -21 -21 -18 -16 -14 -14 -13 -10 -10 -8 -8 -5 -2 -1 2 3 5 8 8 10 12 13 14 16 16 18 21 23 29
41 -30 -30 -28 -28 -25 -24 -23 -23 -21 -21 -20 -19 -18 -18 -16 -15 -14 -14 -14 -12 -6 -4 -4 -3 -2 -2 -1 -1 0 1 4 5 6 7 10 16 18 18 23 24 25
9 -30 -29 -26 -25 -6 -4 7 13 22
7 -25 -24 -17 -17 20 24 27
43 -29 -29 -29 -28 -27 -27 -26 -23 -21 -19 -15 -13 -12 -8 -8 -7 -4 -3 -1 -1 1 4 5 8 8 10 12 14 15 18 19 19 19 20 20 21 22 24 25 28 28 28 29
0
41 -29 -28 -24 -24 -23 -22 -21 -20 -20 -20 -19 -17 -17 -17 -15 -15 -14 -12 -10 -7 -4 -3 -3 -1 0 2 4 4 6 6 7 7 11 18 22 23 26 27 27 28 29
2 20 22
44 -30 -30 -29 -28 -25 -25 -24 -23 -23 -23 -21 -21 -21 -18 -17 -16 -15 -15 -11 -11 -10 -9 -8 -7 -6 -5 -4 -4 1 3 7 11 11 12 14 18 18 19 19 20 21 21 22 22
42 -30 -29 -28 -26 -26 -24 -21 -20 -20 -18 -18 -15 -15 -12 -7 -6 -5 -4 -3 -1 1 4 5 7 9 10 11 12 14 16 17 17 19 21 21 22 22 23 25 26 28 29
16 -24 -23 -22 -22 -20 -20 -17 -8 -7 -5 -5 2 10 12 29 29
26 -29 -28 -28 -23 -20 -20 -19 -12 -10 -8 -4 -3 0 2 6 8 12 13 13 13 14 14 14 19 20 24
37 -30 -29 -29 -28 -27 -26 -26 -25 -24 -23 -22 -22 -22 -22 -21 -16 -14 -12 -11 -10 -9 -8 4 5 8 8 10 10 15 17 20 21 22 23 26 27 29
28 -28 -28 -27 -24 -23 -23 -21 -20 -19 -19 -17 -17 -17 -17 -12 -11 -7 -5 4 7 8 12 15 16 17 21 21 28
18 -28 -28 -27 -27 -25 -17 -15 -14 -10 -8 18 21 22 23 24 24 26 29
48 -29 -26 -24 -23 -23 -22 -21 -20 -19 -18 -18 -17 -17 -16 -14 -14 -13 -12 -12 -11 -11 -10 -10 -8 -6 -6 -6 -4 -3 -3 -2 -2 -2 -1 -1 0 3 5 10 11 12 18 19 24 24 25 28 28
27 -29 -29 -27 -25 -25 -21 -20 -17 -12 -12 -11 -9 -3 -3 -1 6 7 9 11 11 12 17 21 22 23 23 25
27 -28 -25 -23 -23 -22 -22 -20 -20 -19 -17 -16 -15 -14 -9 -5 -4 0 7 10 11 14 19 21 22 23 25 28
20 -29 -26 -21 -14 -13 -8 0 3 3 3 12 12 13 13 14 25 26 26 29 29
8 -21 -18 -15 -8 -3 4 6 13
29 -30 -27 -24 -21 -20 -18 -17 -16 -7 -4 -4 1 2 4 4 5 5 5 7 8 14 14 16 17 18 20 22 25 26
17 -27 -24 -20 -13 -4 -3 8 12 13 15 17 17 23 26 27 27 29
7 -24 -15 -11 10 14 20 26
9 -27 -26 -25 -23 -19 -14 0 13 23
14 -26 -22 -21 -19 -18 -17 -5 0 1 6 17 17 18 21
42 -30 -26 -25 -21 -20 -19 -15 -12 -6 -5 -5 -3 -2 -1 0 0 0 0 1 1 1 4 4 4 5 6 7 7 7 8 8 11 12 13 16 19 19 21 23 24 26 29
4 -23 -4 0 28
26 -29 -29 -28 -27 -25 -25 -19 -18 -15 -14 -13 -11 -10 -4 -3 -3 0 1 5 5 8 12 12 13 18 27
11 -22 -15 -11 -9 -1 3 8 11 12 24 29
47 -29 -28 -25 -25 -24 -20 -19 -13 -13 -12 -10 -10 -7 -7 -6 -4 0 1 1 2 2 2 4 5 5 5 7 8 8 9 15 17 17 19 19 19 21 22 23 23 26 26 27 27 28 29 29
6 -26 1 12 17 23 23
16 -30 -29 -28 -25 -19 -4 3 3 4 12 19 20 21 23 24 29
17 -27 -24 -21 -21 -20 -16 -2 -2 -2 0 3 7 10 17 18 21 27
34 -30 -28 -27 -24 -23 -23 -21 -21 -20 -19 -18 -17 -13 -12 -11 -10 -9 -2 -1 0 7 7 9 10 11 11 12 16 20 22 22 23 25 28
2 12 24
0
31 -29 -25 -24 -23 -22 -21 -17 -17 -16 -14 -12 -6 -5 -2 2 2 3 4 5 8 9 11 12 13 14 15 15 19 20 23 25
33 -29 -29 -29 -28 -25 -21 -21 -20 -20 -16 -15 -11 -10 -3 -3 -2 5 6 10 11 11 12 13 15 15 17 18 19 23 23 23 27 29
8 -5 -4 -4 0 5 8 13 14
23 -29 -29 -28 -26 -24 -21 -20 -18 -15 -13 -11 -9 -8 -1 0 3 7 15 22 22 27 27 29
35 -30 -29 -28 -28 -28 -26 -26 -23 -22 -19 -17 -17 -14 -14 -13 -12 -12 -9 -9 -8 -6 -6 3 5 7 7 8 14 19 21 23 24 25 26 28
45 -28 -27 -27 -25 -23 -23 -21 -21 -19 -17 -16 -15 -13 -12 -12 -12 -9 -8 -7 -7 -6 -6 -4 -3 -1 1 2 3 7 9 9 10 12 13 13 14 19 21 22 25 25 25 25 25 27
10 -21 -13 -6 -5 6 7 13 15 24 25
42 -27 -27 -23 -22 -22 -21 -15 -14 -13 -12 -12 -11 -10 -9 -6 -6 -5 -4 -2 -1 1 1 1 7 7 8 10 10 12 13 15 17 19 20 20 21 22 24 27 27 27 27
38 -30 -26 -24 -22 -22 -18 -17 -16 -15 -14 -13 -12 -11 -11 -6 -5 -5 -1 -1 -1 2 2 3 4 9 9 16 18 20 21 23 23 25 27 28 28 28 29
25 -20 -18 -17 -17 -15 -10 -5 -5 -3 1 5 7 8 9 10 13 14 14 15 17 18 18 21 24 27
25 -22 -17 -17 -15 -15 -11 -10 -7 -6 -4 -4 -2 2 2 5 6 7 8 9 13 16 24 25 26 27
9 -19 -11 -3 3 6 11 14 24 28
47 -30 -24 -20 -20 -15 -15 -14 -14 -13 -13 -13 -12 -9 -6 -5 -5 -3 -3 -1 0 2 2 3 4 6 7 7 7 8 8 8 11 11 11 15 16 17 18 19 19 22 23 23 23 23 26 29
49 -30 -29 -27 -24 -24 -24 -23 -20 -19 -18 -17 -14 -14 -13 -11 -11 -7 -7 -6 -5 -4 -4 4 5 8 8 8 8 11 12 14 14 14 16 16 17 17 17 18 18 20 21 23 26 26 26 27 27 29
17 -30 -24 -22 -21 -11 -9 -7 -6 1 3 4 8 12 18 21 24 28
34 -28 -27 -27 -26 -25 -25 -24 -21 -18 -18 -16 -14 -14 -13 -12 -6 -5 -5 2 3 3 6 7 8 9 11 12 15 15 19 21 23 28 28
26 -27 -23 -20 -18 -18 -13 -13 -8 -8 -7 -5 -2 -2 0 4 7 8 10 12 13 16 20 24 25 25 27
22 -28 -26 -25 -24 -24 -21 -17 -12 -7 -4 -2 -1 0 9 14 17 21 22 24 25 27 28
35 -27 -26 -25 -24 -22 -20 -20 -18 -17 -16 -15 -14 -12 -12 -4 -3 1 3 4 4 5 6 7 10 12 13 18 20 21 21 21 23 24 26 28
21 -28 -26 -26 -22 -21 -20 -20 -18 -16 -15 -10 -9 -5 -3 -2 3 10 19 22 24 27
38 -30 -29 -28 -24 -24 -24 -23 -15 -9 -8 -6 -6 -3 -3 -3 -2 0 4 5 5 6 12 13 14 15 18 18 19 19 20 21 21 22 25 25 28 29 29
32 -29 -29 -28 -26 -23 -22 -16 -14 -14 -9 -8 -4 -3 -3 -2 0 1 4 9 9 10 11 13 16 17 25 25 25 27 27 28 29
6 -19 -15 0 0 0 28
31 -30 -27 -26 -25 -23 -23 -22 -20 -18 -16 -16 -12 -9 -7 -1 -1 -1 0 8 8 10 16 18 19 19 19 20 22 22 24 29
11 -30 -29 -26 -23 -15 -14 -14 -13 -13 18 22
0
21 -27 -21 -13 -13 -12 -9 -8 -7 -6 -6 0 1 4 5 7 10 10 16 18 26 29
47 -30 -28 -27 -26 -24 -24 -23 -23 -21 -21 -19 -18 -17 -16 -15 -13 -11 -11 -10 -9 -8 -7 -7 -5 -5 -4 -4 -3 -2 -2 0 1 7 8 9 9 10 10 12 14 17 18 18 19 21 25 29
6 -24 -7 1 7 19 27
43 -30 -29 -28 -28 -27 -25 -24 -24 -22 -22 -19 -16 -14 -14 -10 -10 -9 -8 -7 -4 -1 0 0 1 1 2 4 4 5 7 8 8 8 10 11 11 12 13 14 14 20 29 29
31 -24 -22 -17 -17 -16 -16 -15 -15 -11 -11 -10 -9 -9 -7 -7 -6 0 0 4 4 7 9 12 13 17 19 20 21 21 24 24
4 -26 -22 0 26
29 -28 -22 -20 -20 -18 -16 -16 -16 -14 -11 -10 -9 -6 -5 -2 -1 -1 4 5 7 8 8 10 13 13 14 16 18 24
4 -24 -18 6 16
1 -17
34 -30 -28 -27 -23 -22 -19 -18 -17 -9 -7 -7 -6 -1 1 2 2 2 3 4 4 5 5 7 8 9 12 14 15 17 20 23 24 25 27
0
