1   2   1
1   1   1
1   1   2
2   1 2     1
2   1 2     2
2   1 2     3
2   1 2     4
2   2 3     5
2   2 3     6
3   2 3 5   6
3   2 3 5   7
3   2 3 5   8
3   3 5 7   8
3   3 5 7   9
3   3 5 7   10
4   2 3 6 7     7
4   8 7 4 3     11
2 7 3 17
3 7 3 2 18
2 5 9 15
4 7 3 6 5 7
4 3 2 6 7 11
1 5 12
3 4 2 8 8
3 7 6 4 11
4 2 5 8 4 10
2 6 4 13
3 4 5 2 16
4 2 3 8 4 6
3 9 5 2 12
5 5 7 4 6 8 13
2 4 6 18
3 5 7 6 11
5 3 5 8 9 6 13
3 3 2 8 18
4 8 2 6 3 13
3 3 8 5 11
4 8 6 7 9 5
3 2 9 5 11
5 4 2 7 5 6 16
3 7 4 5 9
3 2 7 9 9
3 5 6 7 12
4 3 8 4 6 11
3 3 7 6 13
4 7 3 9 6 6
4 4 9 3 5 13
3 2 6 5 7
3 9 4 5 16
4 5 4 2 3 14
4 6 7 3 9 10
2 2 6 19
2 4 8 15
4 4 7 2 9 15
3 5 6 9 8
4 9 3 2 5 14
3 2 7 9 19
4 7 3 8 9 10
3 4 7 3 16
3 7 8 3 10
2 2 8 13
3 7 6 8 17
2 3 7 18
3 8 7 2 6
3 9 6 3 16
4 4 8 7 3 10
3 5 8 4 18
9 3 12 9 11 6 7 8 5 4 15
7 9 10 8 4 12 5 7 17
7 11 7 10 3 6 4 8 14
7 5 10 8 4 3 12 9 27
6 9 6 8 11 5 4 34
8 6 9 7 4 5 3 10 12 21
6 5 6 7 11 8 12 13
8 11 6 5 8 3 12 7 4 12
6 8 10 7 6 12 9 25
6 8 11 12 9 3 4 20
7 4 11 7 8 6 5 9 17
7 10 11 6 4 8 5 3 16
6 10 9 5 3 6 11 17
6 6 4 10 7 11 8 22
10 7 5 8 12 3 10 9 4 11 6 21
5 8 5 4 6 9 27
6 7 8 11 12 3 5 16
8 7 12 5 10 9 4 6 8 32
9 4 8 11 10 9 3 12 7 6 25
5 6 4 3 10 12 28
6 11 7 9 8 6 12 34
9 6 3 5 8 7 12 11 9 4 21
5 5 8 10 9 4 17
5 7 5 8 6 9 24
6 11 3 10 5 8 9 19
6 7 6 10 11 4 5 23
7 7 11 12 4 8 10 6 32
6 6 3 10 8 4 5 16
5 8 10 4 3 5 18
7 11 5 12 3 10 8 9 16
7 12 9 3 10 6 7 4 19
8 3 6 5 4 11 10 9 12 21
5 4 6 9 3 12 16
8 12 11 9 8 4 6 7 5 28
7 11 4 10 8 7 5 12 17
5 9 8 7 4 10 16
8 8 6 4 12 5 7 3 11 28
6 11 8 4 3 12 5 31
7 11 10 5 7 8 12 3 29
5 9 10 7 6 5 13
9 8 10 6 3 4 12 11 5 9 28
6 8 7 3 11 4 12 26
5 8 4 9 6 7 25
8 6 8 12 5 9 3 4 11 31
6 11 5 12 7 9 8 17
7 9 10 4 12 8 5 6 27
3 4 3 10 10
6 12 10 8 11 3 6 20
8 4 9 6 12 5 10 7 8 21
5 10 7 4 8 11 14
23 48 22 49 24 26 47 33 40 37 39 31 46 36 43 45 34 28 20 29 25 41 32 23 69
26 21 46 35 20 44 31 29 23 45 37 33 34 39 42 24 40 41 26 22 38 36 27 25 49 48 43 71
28 30 34 25 24 29 38 36 42 45 44 31 28 26 37 23 20 47 40 49 46 39 43 33 41 27 32 35 48 54
29 35 29 32 40 44 33 39 23 20 36 42 22 48 25 47 26 37 21 27 41 46 49 30 43 28 34 31 24 38 72
27 37 40 28 39 36 20 23 44 27 47 34 29 30 33 32 49 48 41 24 25 26 38 21 45 46 35 31 65
25 24 33 35 36 21 47 39 29 28 22 42 49 27 34 30 26 40 25 37 32 46 48 31 23 41 62
28 20 41 30 40 34 43 47 31 48 29 45 21 24 35 38 26 39 25 42 37 23 28 49 27 22 32 44 36 70
26 37 34 46 49 40 27 23 36 21 39 28 44 47 35 45 41 48 29 26 20 38 25 32 24 30 22 57
28 36 48 43 21 41 44 30 35 42 26 25 22 28 38 29 34 24 37 46 32 33 39 47 49 40 45 27 31 60
28 21 28 24 40 36 30 39 20 27 34 23 33 35 42 22 48 26 41 44 46 31 47 32 29 37 45 49 43 50
25 27 34 37 31 48 35 39 41 20 36 49 32 25 40 22 43 29 45 44 42 38 26 30 47 23 68
29 28 23 41 49 21 47 48 35 36 44 26 20 37 24 46 33 30 22 25 31 32 45 43 42 40 39 34 29 27 69
28 32 45 37 34 30 46 29 33 47 39 21 43 38 25 40 48 35 22 24 41 26 42 44 23 49 28 31 20 62
30 47 22 29 46 37 30 43 21 44 36 25 27 20 40 39 26 35 32 28 42 34 33 38 48 31 49 23 24 45 41 55
25 26 40 35 41 49 39 47 20 38 44 32 43 37 36 42 25 33 30 24 29 45 22 28 48 23 64
29 20 23 25 37 33 41 27 45 30 35 44 32 46 28 29 43 34 26 42 24 39 22 38 31 48 21 36 47 49 68
28 29 49 27 44 35 23 21 42 37 30 45 32 20 28 48 38 46 40 47 34 22 39 25 43 33 36 41 31 50
29 24 29 38 22 36 48 31 33 37 42 40 20 26 39 27 35 45 34 21 47 23 44 49 43 25 28 41 30 46 68
26 20 39 38 47 23 21 40 44 29 46 33 22 24 35 49 48 32 25 43 30 34 26 36 45 41 27 73
28 39 42 22 24 33 48 36 26 23 38 25 34 30 41 40 31 28 27 21 47 35 43 20 49 45 37 44 32 61
26 20 21 43 47 49 38 40 31 46 35 37 23 25 30 39 22 41 27 42 26 24 45 48 44 33 32 69
25 49 21 42 38 44 24 35 27 20 41 23 29 31 47 28 22 48 25 33 32 26 46 40 36 45 69
29 41 21 30 32 38 22 39 31 36 48 44 35 43 34 45 20 26 25 24 40 33 23 46 29 42 37 28 49 27 64
26 41 24 30 47 40 27 21 20 46 48 23 44 25 49 35 42 36 28 33 32 29 22 37 34 26 45 53
28 47 36 30 38 22 41 45 35 32 28 46 48 40 24 39 23 42 21 33 43 31 26 27 37 29 34 49 20 61
29 34 24 39 49 35 41 48 40 26 32 43 29 45 31 46 20 42 33 22 23 27 25 28 47 21 38 37 30 44 66
24 39 33 28 35 38 46 22 26 47 20 30 42 29 43 48 34 24 36 40 32 23 41 37 27 71
28 35 26 46 36 31 41 27 23 48 20 37 49 29 22 40 25 47 45 44 24 38 34 42 43 33 32 39 30 66
28 21 33 34 40 31 32 25 22 41 46 27 49 48 44 29 45 23 35 39 36 26 43 20 37 28 38 30 47 54
29 21 33 35 34 25 40 41 36 39 28 37 27 23 42 44 49 38 48 24 22 29 30 20 47 45 32 26 46 43 62
24 24 41 43 34 48 37 31 47 45 32 33 25 46 27 20 26 36 39 35 49 28 23 21 40 64
25 25 32 48 24 31 34 20 33 39 46 49 44 27 45 37 26 28 47 38 23 42 36 43 30 41 56
24 40 36 43 21 24 25 45 35 33 44 26 46 31 30 49 22 34 23 41 32 28 27 38 47 59
26 33 28 25 45 26 27 47 29 32 21 37 35 48 49 40 39 41 46 20 24 30 36 38 44 23 34 51
26 42 26 36 38 35 41 20 47 45 23 33 39 25 43 29 31 28 48 21 46 22 30 37 32 44 40 55
28 31 27 39 46 45 21 41 28 29 33 23 42 40 25 35 36 43 38 47 48 26 37 20 34 24 22 30 49 74
28 44 40 27 30 23 36 49 22 43 24 28 34 45 26 38 41 39 47 32 35 33 42 20 37 21 25 48 46 67
26 43 24 29 21 22 45 23 48 25 34 41 31 49 28 32 37 38 39 35 42 47 40 20 46 30 33 53
29 42 49 21 27 34 29 46 35 37 36 20 31 43 26 32 39 30 41 23 47 40 28 33 38 25 48 44 24 45 62
30 48 32 34 43 35 29 21 40 26 31 46 33 37 45 30 39 20 23 28 38 25 49 44 36 42 41 24 47 22 27 56
23 37 46 40 45 35 24 31 23 27 49 30 42 34 36 39 43 28 20 26 41 21 38 47 56
25 28 22 43 41 21 29 27 38 47 23 20 49 24 31 37 26 32 36 25 33 40 46 30 44 35 74
27 36 24 22 27 21 43 32 40 47 30 28 20 29 41 34 31 48 44 37 23 38 26 49 35 45 42 46 71
29 32 38 24 42 20 41 47 27 46 43 40 30 31 23 35 25 36 33 49 29 44 39 21 28 48 37 34 26 22 53
27 42 21 29 44 37 38 32 39 40 47 33 46 45 36 31 48 34 24 26 28 20 41 22 30 27 49 43 54
28 37 26 47 38 48 25 23 49 39 24 33 21 28 40 31 30 22 35 45 46 42 32 41 27 34 29 44 36 52
27 44 35 41 38 24 29 47 40 43 22 30 33 34 32 25 48 39 45 28 42 20 49 27 36 26 37 46 58
28 31 28 30 43 38 46 33 25 34 48 37 36 20 39 32 27 44 29 21 24 22 41 42 47 26 35 40 23 58
29 27 25 45 32 29 26 44 23 39 37 31 28 20 34 33 42 35 41 47 38 43 22 48 36 40 46 21 30 49 74
25 37 31 46 35 47 21 22 42 33 23 26 41 36 39 48 43 34 24 45 25 29 32 38 44 49 74
28 92 71 89 74 102 91 70 119 86 116 114 106 80 81 115 99 117 93 76 77 111 110 75 104 95 112 94 73 310
