502
0
1
2
3
4
5
6
7
8
9
10
11
12
13
14
15
16
17
18
19
20
30
40
50
60
70
80
90
91
92
93
94
95
96
97
98
99
100
101
102
103
104
105
106
107
108
109
110
200
205
225
268
268
279
286
286
295
392
427
450
470
488
517
532
533
551
582
598
601
622
625
646
647
668
671
723
748
753
768
773
786
788
797
798
807
809
819
832
843
873
874
885
890
899
927
953
960
969
996
1000
1008
1009
1019
1037
1056
1061
1066
1081
1115
1125
1135
1142
1157
1188
1219
1262
1281
1294
1313
1333
1349
1373
1429
1431
1439
1553
1554
1558
1574
1621
1622
1635
1655
1699
1741
1761
1780
1800
1801
1833
1873
1929
1934
1948
2029
2031
2052
2065
2087
2103
2105
2126
2139
2165
2196
2212
2268
2286
2317
2324
2331
2336
2344
2356
2371
2391
2413
2440
2457
2464
2465
2470
2527
2537
2563
2568
2594
2599
2607
2622
2625
2666
2700
2746
2803
2829
2838
2859
2865
2873
2898
2950
2967
2983
3024
3059
3125
3153
3157
3182
3184
3186
3221
3241
3279
3312
3322
3344
3361
3364
3371
3401
3405
3411
3463
3482
3503
3534
3541
3560
3577
3582
3613
3643
3652
3654
3678
3687
3704
3728
3736
3743
3781
3788
3865
3882
3938
3944
3948
3950
3951
4000
4017
4043
4100
4108
4123
4162
4177
4179
4184
4187
4192
4210
4225
4233
4237
4238
4240
4284
4320
4332
4333
4357
4362
4365
4383
4405
4415
4427
4441
4544
4575
4581
4637
4660
4715
4719
4760
4776
4778
4807
4813
4830
4838
4871
4880
4916
4938
4955
4972
4989
5027
5056
5094
5119
5138
5146
5197
5199
5217
5234
5260
5275
5280
5285
5292
5310
5339
5392
5453
5454
5469
5476
5480
5520
5533
5596
5702
5730
5745
5760
5769
5790
5838
5842
5900
5937
5960
5968
5975
5976
6018
6040
6044
6079
6104
6133
6155
6164
6168
6197
6268
6315
6324
6341
6345
6358
6359
6392
6395
6445
6503
6508
6646
6659
6697
6741
6744
6781
6800
6825
6840
6852
6860
6883
6898
6955
6970
7012
7021
7027
7088
7106
7139
7163
7172
7178
7179
7221
7231
7246
7261
7268
7276
7284
7302
7305
7317
7321
7335
7337
7340
7355
7371
7381
7392
7463
7515
7540
7551
7563
7567
7572
7575
7576
7610
7611
7694
7737
7743
7756
7784
7785
7844
7848
7871
7890
7918
7945
8032
8048
8056
8087
8096
8138
8146
8154
8177
8199
8243
8250
8284
8324
8362
8372
8378
8401
8417
8425
8452
8455
8471
8474
8479
8484
8523
8527
8551
8637
8647
8692
8701
8747
8762
8785
8803
8816
8824
8836
8842
8873
8930
8935
8979
9006
9042
9052
9057
9070
9077
9087
9100
9121
9187
9193
9195
9240
9281
9339
9340
9374
9401
9407
9420
9445
9463
9492
9551
9604
9720
9781
9815
9851
9864
9883
9948
9963
9980
10000
1808548329
2147483647
