[]
[[2, 7]]
[[1, 7]]
[[3, 4]]
[[4, 9]]
[[4, 7]]
[[5, 8], [6, 8]]
[[7, 10], [2, 4]]
[[1, 8], [4, 6]]
[[13, 15], [1, 13], [6, 9]]
[[9, 10], [4, 9], [4, 17]]
[[1, 5], [8, 9], [8, 9]]
[[1, 6], [3, 5]]
[[1, 17], [7, 10], [12, 14]]
[[6, 15], [13, 20], [6, 17]]
[[3, 18], [7, 16], [5, 18]]
[[13, 15], [1, 13], [6, 9]]
[[13, 15], [1, 13], [6, 9]]
[[9, 10], [4, 9], [4, 17]]
[[19, 20], [1, 10], [5, 14]]
[[6, 10], [13, 14], [12, 14]]
[[8, 11], [17, 20], [17, 20]]
[[8, 17], [5, 15], [6, 20]]
[[12, 13], [6, 11], [2, 19]]
[[8, 16], [3, 12], [3, 11]]
[[2, 11], [6, 16], [11, 16]]
[[14, 20], [6, 14], [4, 9]]
[[1, 18], [11, 13], [5, 20]]
[[12, 13], [8, 14], [6, 9]]
[[4, 16], [5, 17], [4, 17], [12, 17]]
[[8, 14], [12, 13], [6, 13], [1, 9]]
[[9, 14], [5, 6], [3, 5], [12, 19]]
[[7, 15], [5, 15], [2, 12], [11, 15]]
[[9, 16], [6, 16], [1, 9], [3, 15]]
[[1, 13], [5, 15], [6, 12], [10, 13]]
[[6, 17], [8, 9], [11, 12], [6, 9]]
[[7, 8], [6, 10], [1, 3], [11, 19]]
[[2, 5], [3, 14], [12, 17], [4, 11]]
[[2, 13], [5, 20], [6, 20], [8, 17]]
[[11, 20], [4, 19], [13, 17], [6, 13]]
[[8, 16], [4, 9], [7, 19], [16, 20]]
[[16, 20], [14, 17], [13, 16], [14, 16]]
[[2, 6], [12, 18], [9, 18], [15, 20]]
[[1, 8], [6, 20], [9, 16], [13, 17]]
[[4, 30], [10, 28], [8, 34], [17, 22], [18, 22]]
[[26, 29], [19, 26], [19, 28], [4, 19], [4, 25]]
[[4, 18], [1, 35], [12, 45], [25, 46], [22, 27]]
[[20, 45], [12, 13], [2, 50], [14, 20], [3, 5]]
[[18, 38], [13, 31], [18, 42], [3, 20], [35, 38]]
[[2, 15], [36, 45], [9, 29], [16, 23], [4, 9]]
[[2, 36], [3, 4], [13, 34], [16, 20], [39, 46]]
[[11, 34], [1, 10], [13, 47], [17, 40], [26, 44]]
[[16, 22], [28, 45], [3, 9], [46, 50], [13, 14]]
[[16, 37], [41, 47], [2, 38], [15, 23], [16, 33]]
[[928, 5032], [3072, 3741], [3960, 4588], [482, 2269], [2030, 4360], [150, 772]]
[[1905, 4041], [1956, 5996], [2610, 5351], [2047, 2967], [3553, 5304], [232, 5874]]
[[3196, 4722], [171, 5826], [3290, 4891], [2659, 4452], [973, 3864], [2148, 4865]]
[[768, 3877], [3525, 3646], [80, 102], [1200, 5451], [362, 627], [1294, 5300]]
[[1293, 2986], [848, 3846], [4284, 5907], [4466, 4781], [518, 2918], [300, 5870]]
[[1080, 2236], [3325, 5014], [1397, 3851], [54, 1519], [1794, 2238], [2907, 4858]]
[[1076, 1536], [1949, 3458], [402, 3752], [1382, 4729], [3536, 4023], [4556, 5592]]
[[1659, 4468], [2829, 4053], [997, 5638], [1573, 5911], [2940, 5111], [1758, 4368]]
[[1872, 3160], [768, 873], [1433, 3215], [694, 1622], [2658, 5987], [1870, 2010]]
[[23, 5453], [3277, 5313], [2818, 5571], [2622, 5060], [2366, 5365], [2746, 3218]]
[[765, 989], [466, 472], [860, 996], [338, 932], [618, 639], [616, 936], [832, 864], [92, 758]]
[[65, 424], [351, 507], [314, 807], [387, 722], [19, 797], [259, 722], [165, 221], [136, 897]]
[[490, 946], [132, 833], [677, 836], [77, 995], [499, 585], [72, 883], [863, 900], [193, 981]]
[[119, 207], [333, 645], [384, 846], [7, 198], [345, 660], [74, 596], [139, 490], [783, 983]]
[[20, 921], [111, 404], [262, 584], [5, 671], [298, 703], [182, 941], [293, 553], [26, 638]]
[[64738, 614406], [211748, 780229], [208641, 307338], [499908, 869489], [218907, 889449], [177201, 481150], [123679, 384415], [120440, 404695], [191810, 491295], [800783, 826206], [165175, 221995], [420412, 799259], [484168, 617671], [746410, 886281], [765198, 792311], [493853, 971285], [194579, 313372], [119757, 766274], [101315, 917883], [557309, 599256], [167729, 723580], [731216, 988021], [225883, 752657], [588461, 854166], [231328, 285640], [772811, 869625], [892212, 973218], [143535, 306402], [336799, 998119], [65892, 767719], [380440, 518918], [321447, 558462], [54489, 234291], [43934, 44986], [11260, 968186], [248987, 707178], [355162, 798511], [661962, 781083], [149228, 412762], [71084, 953153], [44890, 655659], [708781, 956341], [251847, 707658], [650743, 932826], [561965, 814428], [697026, 932724], [583473, 919161], [463638, 951519], [769086, 785893], [17912, 923570], [423089, 653531], [317269, 395886], [412117, 701471], [465312, 520002], [168739, 770178], [624091, 814316], [143729, 249836], [699196, 879379], [585322, 989087], [501009, 949840], [424092, 580498], [282845, 345477], [453883, 926476], [392148, 878695], [471772, 771547], [339375, 590100], [110499, 619323], [8713, 291093], [268241, 283247], [160815, 621452], [168922, 810532], [355051, 377247], [10461, 488835], [220598, 261326], [403537, 438947], [221492, 640708], [114702, 926457], [166567, 477230], [856127, 882961], [218411, 256327], [184364, 909088], [130802, 828793], [312028, 811716], [294638, 839683], [269329, 343517], [167968, 391811], [25351, 369583], [210660, 454598], [166834, 576380], [296440, 873280], [660142, 822072], [33441, 778393], [456500, 955635], [59220, 954158], [306295, 429913], [110402, 448322], [44523, 88192], [231386, 353197], [120940, 902781], [348758, 597599], [329467, 664450], [208411, 890114], [230238, 516885], [434113, 602358], [349759, 419831], [10689, 308144], [94526, 180723], [435280, 986655], [611999, 690154], [75208, 395348], [403243, 489260], [498884, 611075], [487209, 863242], [13900, 873774], [656706, 782943], [53478, 586952], [226216, 723114], [554799, 922759], [467777, 689913], [80630, 147482], [277803, 506346], [532240, 976029], [206622, 761192], [148277, 985819], [10879, 807349], [952227, 971268], [172074, 919866], [239230, 384499], [607687, 984661], [4405, 264532], [41071, 437502], [432603, 661142], [144398, 907360], [139605, 360037], [943191, 997317], [12894, 171584], [382477, 800157], [452077, 518175], [208007, 398880], [375250, 489928], [384503, 726837], [278181, 628759], [114470, 635575], [382297, 733713], [156559, 874172], [507016, 815520], [164461, 532215], [17332, 536971], [418721, 911117], [11497, 14032]]
[[55720, 349290], [688809, 868579], [405490, 841727], [145683, 162453], [161225, 936277], [319899, 784036], [47904, 139575], [58916, 998828], [223305, 745027], [353070, 801099], [498237, 899576], [545153, 689213], [580153, 668329], [36374, 364587], [73797, 257807], [389937, 930931], [238654, 297234], [222415, 942372], [83322, 317295], [53474, 516376], [78109, 194849], [312232, 728350], [62606, 892477], [289983, 677972], [524923, 626259], [421051, 862946], [854186, 876721], [398669, 740947], [198520, 864653], [764076, 948535], [51130, 226137], [273686, 541633], [59923, 106998], [206544, 211760], [754288, 843998], [850133, 982427], [559760, 676574], [189946, 459169], [934775, 952899], [195284, 312052], [75317, 138600], [84724, 484201], [3472, 970066], [182813, 247978], [113082, 897914], [443140, 666044], [140111, 928781], [322697, 855303], [238006, 298073], [178580, 740526], [43876, 97211], [76529, 458293], [586411, 809637], [513611, 518730], [262290, 391753], [169619, 895289], [550535, 708133], [205321, 997268], [278572, 445336], [172270, 179282], [879628, 991532], [509348, 541320], [301939, 470129], [21603, 678763], [450526, 731148], [239862, 974936], [10253, 255308], [213914, 908486], [455324, 816438], [62108, 964099], [167976, 798660], [219825, 315546], [172611, 389151], [118319, 658061], [402935, 823442], [593991, 783234], [426150, 943246], [289753, 692787], [447005, 816658], [327385, 440307], [249162, 321630], [429499, 595607], [381038, 475281], [583186, 989552], [655808, 986935], [144494, 825667], [24238, 483480], [122773, 632790], [715548, 934283], [41838, 477020], [691714, 983762], [132740, 404906], [471526, 819622], [34304, 215501], [623145, 768663], [373850, 673373], [560514, 869162], [736155, 882633], [491072, 985459], [238611, 953699], [164538, 615999], [252995, 535799], [475528, 482423], [4941, 673059], [196736, 421327], [681519, 849447], [81674, 95942], [741860, 904793], [504991, 649586], [344002, 772544], [87001, 853983], [231865, 812943], [198253, 713577], [181318, 481445], [677759, 884948], [844883, 903007], [8059, 248529], [843579, 921791], [94492, 853040], [419339, 421774], [316916, 905120], [297521, 309109], [583854, 600414], [377707, 608513], [406966, 485538], [294892, 792676], [580154, 723401], [225277, 534109], [417813, 959630], [182133, 292049], [64994, 842555], [51116, 314039], [509615, 872446], [115887, 510640], [256739, 523185], [445024, 672722], [274078, 898657], [591988, 707638], [891114, 908492], [493026, 914060], [312207, 475083], [556210, 841875], [264146, 622094], [82996, 521419], [492091, 699531], [87732, 986277], [89747, 721583], [90224, 915337], [634391, 941405], [428041, 460798]]
[[40863, 132763], [196701, 397009], [506853, 857635], [718147, 937968], [27971, 637330], [201677, 682567], [132382, 929434], [168330, 708958], [592822, 879175], [134987, 488822], [66721, 698967], [21171, 727126], [230439, 710286], [344290, 599168], [644837, 810276], [290666, 519191], [303545, 588304], [368646, 961382], [5840, 358842], [156745, 744688], [52617, 891270], [784867, 906714], [26471, 87095], [582430, 776956], [506648, 863600], [138514, 608095], [288406, 557479], [184940, 474286], [912662, 965956], [72147, 726947], [464200, 748795], [92743, 316502], [514927, 593297], [209820, 344198], [36996, 742673], [270366, 521703], [940174, 964092], [469321, 521367], [347728, 581939], [56538, 330826], [463845, 508859], [286954, 526949], [156989, 749586], [610809, 795747], [636853, 990870], [116783, 684978], [81472, 446446], [951389, 977628], [147920, 453466], [799916, 958093], [79907, 265284], [504258, 790136], [287078, 964669], [261319, 453661], [226033, 940259], [552194, 741803], [430479, 743112], [667485, 900832], [862710, 868052], [13336, 872977], [467193, 570536], [50624, 917157], [283583, 378399], [271578, 552425], [183521, 296285], [45712, 934224], [231871, 692292], [620395, 753252], [497758, 563587], [111101, 227474], [200336, 530394], [10056, 547623], [18615, 567891], [78470, 235869], [496646, 825571], [417948, 476899], [136459, 454828], [137779, 469107], [360125, 542630], [692323, 851691], [968288, 985003], [430590, 700469], [618144, 682247], [163312, 379528], [836235, 928423], [282570, 576599], [372586, 690353], [123831, 542288], [230855, 517322], [367891, 608684], [360230, 857112], [131252, 645713], [586360, 967925], [466242, 872780], [397165, 579931], [86348, 986642], [221660, 901141], [617663, 623287], [240342, 674769], [306373, 598897], [163495, 172587], [406888, 947607], [501580, 792395], [79779, 877338], [312655, 914884], [561489, 611557], [227089, 269815], [39805, 564423], [512463, 540624], [560041, 778182], [445136, 770017], [255183, 529516], [122702, 526972], [410825, 733874], [100333, 737954], [13400, 279273], [391578, 459538], [48896, 486293], [112816, 760160], [147596, 488016], [359888, 951481], [398103, 630484], [251055, 263327], [211120, 500457], [412290, 755960], [248723, 898324], [17002, 180509], [292651, 622900], [100760, 486952], [660859, 929315], [170149, 982237], [399015, 422862], [284509, 438363], [14730, 484142], [517179, 943364], [872690, 974680], [384986, 630892], [135339, 573316], [41672, 594822], [96340, 344381], [287611, 298298], [201451, 588069], [347069, 891672], [489820, 716558], [601111, 916733], [270026, 931453], [127240, 934439], [80495, 839742], [334197, 720580], [467666, 985462]]
[[567707, 730827], [166232, 719216], [634677, 756013], [285191, 729059], [237939, 915914], [201296, 789707], [578258, 585240], [164298, 218749], [37396, 968315], [666722, 934674], [742749, 824917], [141115, 417022], [613457, 708897], [343495, 994363], [380250, 428265], [214441, 493643], [588487, 811879], [97538, 262361], [312269, 400232], [119183, 598077], [48359, 662082], [275411, 998607], [732520, 813383], [523587, 945442], [25499, 187818], [384094, 677532], [515481, 904358], [367073, 534689], [74379, 285755], [5175, 274185], [217306, 359251], [157681, 697795], [10408, 50527], [244728, 788413], [60159, 513570], [87670, 618955], [123002, 685804], [379941, 544148], [752885, 952000], [93326, 513158], [724941, 998846], [380834, 713191], [44977, 758923], [82478, 863827], [191702, 202103], [132379, 894865], [33622, 873933], [29205, 85762], [154893, 736522], [65801, 673648], [524615, 925054], [54903, 503215], [184486, 923679], [429446, 722503], [433374, 648218], [221866, 866873], [460293, 767671], [120556, 899800], [471650, 884153], [260903, 444940], [764956, 900171], [309912, 608549], [185563, 806731], [120163, 485407], [418426, 787505], [366182, 765471], [387482, 509524], [269290, 965760], [601620, 925056], [77986, 263210], [307558, 385490], [232270, 339488], [500796, 742417], [380705, 468257], [65075, 908144], [199833, 764292], [236020, 666098], [66185, 189939], [82749, 497671], [191217, 375842], [197768, 679395], [193098, 715861], [441216, 949168], [70640, 164591], [47205, 785067], [488750, 598205], [13213, 617815], [323318, 918171], [414290, 772744], [252493, 666573], [271755, 888520], [127330, 511709], [221211, 255366], [189693, 496201], [59348, 213072], [848245, 886578], [297360, 706720], [416648, 713923], [597845, 948100], [598216, 887392], [291671, 885441], [470685, 911757], [753936, 779842], [402359, 607590], [405439, 709142], [214403, 993931], [410523, 809693], [394872, 807901], [104075, 813021], [726, 567120], [118216, 440587], [451018, 831426], [134313, 437745], [580445, 723821], [812199, 974362], [206646, 330279], [76614, 396575], [490128, 495052], [159918, 891113], [317757, 944351], [367136, 561514], [47693, 397141], [624885, 944320], [22262, 713662], [14887, 710022], [887543, 997929], [211476, 296206], [560776, 619572], [49048, 602570], [169071, 575311], [645076, 686241], [577490, 777716], [431009, 702971], [197437, 728985], [62590, 339659], [474951, 503156], [637923, 899120], [973131, 976272], [450579, 954240], [318272, 635074], [68073, 677042], [127777, 185375], [426756, 912534], [370844, 592811], [724, 630896], [732456, 896268], [592795, 641974], [321324, 337142], [505427, 594421], [74917, 273591]]
[[710408, 717125], [28307, 260069], [568039, 812649], [757417, 827878], [282244, 372246], [412056, 490958], [447772, 602450], [102536, 530625], [148167, 443539], [247284, 927993], [635885, 892901], [345360, 368338], [280426, 511436], [8388, 802331], [193418, 975449], [64229, 170263], [63760, 851294], [687024, 736332], [903704, 993337], [29665, 36338], [742967, 858545], [154770, 892431], [449347, 997716], [361344, 796049], [369915, 690279], [350957, 722321], [541192, 844342], [386882, 849041], [353575, 827396], [619269, 985657], [456795, 590773], [550649, 564169], [123037, 409682], [650420, 722589], [115414, 608871], [642472, 924244], [3556, 486990], [828861, 861281], [187902, 346175], [599704, 804697], [835616, 930996], [284785, 567464], [35915, 502476], [385138, 996151], [169847, 489068], [817307, 835656], [21646, 991638], [873638, 964715], [156872, 445423], [12381, 490269], [218949, 843250], [689575, 831883], [318869, 802041], [786949, 949986], [103879, 533827], [592110, 709376], [29166, 265964], [104741, 825182], [156811, 243624], [416764, 951348], [536314, 947194], [530400, 926069], [529235, 960125], [368354, 791934], [564009, 880826], [192069, 560981], [15361, 710500], [399237, 486210], [701844, 851693], [47777, 556179], [237299, 369910], [304481, 438198], [632688, 834124], [430580, 501438], [78404, 178828], [386092, 623302], [97242, 653633], [216381, 368923], [189618, 498091], [370730, 806554], [641014, 796669], [91755, 696635], [184043, 402475], [618663, 618988], [857206, 945738], [252682, 323608], [191546, 759395], [182770, 587217], [615904, 822060], [193049, 665741], [680772, 803637], [45971, 990881], [335488, 479778], [254342, 801184], [599741, 908405], [385346, 446768], [291861, 343578], [282799, 338730], [439243, 545020], [179001, 350300], [698125, 749984], [530101, 550939], [279895, 950570], [377519, 636135], [529011, 813570], [406594, 494663], [354190, 982513], [325964, 626450], [308093, 662705], [389553, 757494], [579846, 751170], [426121, 572945], [798783, 939913], [821737, 929615], [262911, 813785], [853101, 931437], [102583, 939474], [455251, 644849], [481551, 723814], [40000, 590265], [314933, 409967], [655972, 687237], [511300, 594029], [241741, 325813], [603891, 999946], [167239, 619450], [202515, 454566], [31211, 183461], [379289, 601962], [159582, 196678], [98941, 815179], [797080, 890229], [511578, 777861], [210613, 908049], [678068, 968905], [130873, 860096], [262022, 451970], [188604, 306834], [8894, 444469], [232371, 765836], [16229, 242121], [672214, 791046], [91393, 798459], [18244, 774076], [378095, 595831], [4774, 84395], [512435, 736668], [68342, 753433], [121592, 148055], [295256, 457211]]
