110
1 1
1 10
1 2048
2 1 2
2 2 1
2 10 2
2 2 10
2 20 1
2 1 20
2 123 321
2 321 123
2 128 12
2 121 12
2 120 12
2 12 128
2 12 121
2 12 120
3 1 1 1
3 2 2 2
3 1 2 3
3 10 2 3
3 1 20 3
3 1 2 30
3 10 20 3
3 10 2 30
3 1 20 30
3 123 345 567
3 147 258 369
3 999999998 999999997 999999999
4 1 1 1 1
4 1 2 3 1
4 1 2 2 1
4 1 2 2 2
4 128 12 320 32
10 1 2 3 4 5 6 7 8 9 0
10 0 9 8 7 6 5 4 3 2 1
10 1 4 7 2 5 8 0 3 6 9
10 9 6 3 0 7 4 1 8 5 2
10 1 1 1 1 1 2 2 2 2 2
10 3 4 3 4 3 4 3 4 3 4
10 6 5 6 5 6 5 6 5 6 5
10 9 9 9 9 9 8 8 8 8 8
10 1 2 4 8 16 32 64 128 256 512
1 0
2 0 0
2 1 0
3 0 0 0
3 1 0 0
3 0 0 1
4 0 0 0 0
100 0 0 0 0 0 0 0 0 0 0 0 0 0 0 0 0 0 0 0 0 0 0 0 0 0 0 0 0 0 0 0 0 0 0 0 0 0 0 0 0 0 0 0 0 0 0 0 0 0 0 0 0 0 0 0 0 0 0 0 0 0 0 0 0 0 0 0 0 0 0 0 0 0 0 0 0 0 0 0 0 0 0 0 0 0 0 0 0 0 0 0 0 0 0 0 0 0 0 0 0
1 302
1 8490
1 8783
1 3420
1 6492
1 5780
1 2471
1 7792
1 6888
1 9702
2 1207 9130
2 1961 4959
2 6638 5488
2 2350 650
2 114 6809
2 8177 5729
2 4445 2507
2 3650 8480
2 2221 4668
2 8202 4578
3 4689 2576 6926
3 315 8089 1356
3 2177 1064 407
3 4993 9779 9200
3 9745 3433 641
3 1571 6837 6484
3 5036 3612 5388
3 6239 2510 8017
3 9528 8628 7205
3 8506 6712 262
4 3544 3013 3061 468
4 9682 928 2354 8060
4 8215 7052 1437 3064
4 8323 641 1505 3504
4 7606 4540 61 9801
4 3898 4944 2234 9053
4 341 3151 4852 8431
4 2560 3552 8354 9341
4 7774 8202 7189 1230
4 8068 5261 5109 3759
5 3577 9155 9352 7911 1622
5 9440 6251 1433 8210 6617
5 5368 3613 1693 6019 8282
5 7627 5967 7343 2674 8916
5 560 9924 6308 7128 7788
5 7987 9854 4375 7282 8837
5 4766 8329 1102 6328 8648
5 6300 3394 1086 6607 4635
5 7304 7233 1807 5189 4765
5 1618 8143 1495 6876 4399
6 5827 1331 4889 4514 919 7832
6 1365 2587 5456 8521 6305 3170
6 1786 6259 6587 9950 4182 5814
6 9804 9921 1651 7540 9200 6483
6 8890 940 6295 5230 1649 6041
6 2359 4338 9266 6583 6634 7989
6 8613 6631 1563 5666 1454 4139
6 8834 8074 7956 4343 8658 1851
6 199 3238 4640 9119 4445 7122
6 867 702 3344 1320 6622 9890
7 827 3403 8776 1363 2394 4177 1980
7 7509 3650 3381 1275 4881 1780 3268
7 8583 5013 5416 6398 1057 1733 7880
7 45 1135 6771 7450 8078 8545 6699
7 7497 5116 326 6466 8880 9765 5553
7 1304 1327 2126 9226 7174 3559 5065
7 4439 1079 9466 8271 5223 2389 3155
7 2531 7417 4286 8411 2150 7141 7825
7 1741 7505 8265 1964 6500 5897 7351
7 3972 2895 1641 8858 8127 5422 4748
8 1201 56 9354 182 1858 9376 1338 5875
8 3401 2497 483 7944 1646 4880 9958 1443
8 6354 6943 8507 9340 1187 5184 2505 2255
8 9675 5215 2050 7360 1825 7689 7677 4439
8 2803 4601 5150 1249 3894 534 5482 5779
8 8412 6414 4805 4790 6466 3008 4892 3967
8 3117 3391 5698 6662 1169 340 1599 7616
8 2303 7126 2097 1371 1609 2220 6664 1233
8 5178 9571 3158 2176 1323 1129 9190 7901
8 3449 953 837 3750 6478 6833 1230 2154
9 824 938 1399 5607 6973 5703 9609 4398 8247
9 7991 1425 1529 356 2918 1343 2666 5874 9038
9 2348 9682 1319 4079 5757 6681 4398 764 9966
9 7543 5328 9834 1940 9387 871 5208 7 543
9 9145 1077 9647 9248 9007 3912 7934 3908 3109
9 1440 7548 4240 6616 733 4712 883 8 9576
9 3624 4215 5580 9184 9885 704 2755 4027 1535
9 1760 3449 3523 8782 2435 1502 9693 5719 6389
9 6941 5430 5082 1875 800 7825 3048 296 2999
9 1758 4493 2148 6432 6166 2569 4382 9469 731
10 4972 7806 988 656 3951 8829 8259 8679 4646 8353
10 1175 482 341 815 7354 4543 4576 9042 7929 8839
10 3297 7683 8930 2412 1041 6045 7020 9553 1221 1122
10 4154 6350 4739 8816 1154 3541 9897 2294 5929 8522
10 6476 783 5013 118 1526 7819 816 941 7004 2511
10 8944 180 9580 901 7841 7658 6828 5449 3939 8077
10 6795 7899 2202 581 8837 720 6422 7214 1191 571
10 6240 7701 3823 9779 3502 7340 9157 9528 8634 9830
10 5370 8910 6113 8606 9311 4994 7071 3589 8148 8864
10 7407 7200 2570 7830 7598 2356 7796 6951 9961 8582
10 31 16 20 84 50 67 38 88 71 35
10 74 21 33 51 77 51 90 60 5 56
10 29 60 70 64 30 3 93 9 21 15
10 57 66 35 87 70 18 29 31 64 9
10 66 90 15 85 33 86 86 35 2 29
10 3 43 48 94 85 33 64 32 63 66
10 69 44 15 24 73 26 47 32 40 18
10 68 9 37 86 21 51 59 87 66 13
10 75 56 14 70 49 76 97 10 15 89
10 97 41 90 86 43 89 43 52 38 5
10 90 11 18 41 15 8 70 49 28 40
10 19 76 99 26 48 93 62 33 93 71
10 88 84 82 45 12 42 7 45 63 88
10 22 29 80 56 96 79 5 84 30 58
10 76 30 60 89 77 62 61 56 44 81
10 93 51 65 84 91 78 99 71 97 9
10 23 7 69 86 19 95 93 8 56 59
10 27 1 55 31 83 91 58 80 72 36
10 15 60 78 11 88 59 76 75 37 44
10 85 28 12 60 70 12 96 23 51 2
10 27 42 34 28 14 70 53 76 13 5
10 87 29 41 11 74 82 27 6 37 97
10 83 42 12 24 43 50 83 37 68 50
10 4 82 30 93 80 20 47 98 28 32
10 85 40 93 8 32 10 69 36 55 83
10 29 88 28 58 76 21 12 40 77 63
10 38 65 66 4 97 5 30 99 99 39
10 29 48 64 80 33 87 27 8 35 42
10 73 1 49 22 47 81 20 20 60 21
10 44 52 66 51 78 64 25 49 36 67
10 58 98 52 25 39 3 99 25 36 43
10 68 73 84 33 55 32 30 8 58 58
10 42 60 71 60 1 32 33 62 28 18
10 89 57 20 7 43 88 48 92 81 90
10 18 75 4 67 49 61 68 51 64 46
10 41 59 30 73 45 20 83 27 74 25
10 1 13 4 84 23 34 72 26 33 69
10 8 33 74 80 38 50 22 47 88 11
10 44 48 29 47 37 72 62 26 60 21
10 43 96 37 34 67 82 2 55 95 70
10 89 3 91 9 29 87 15 93 48 36
10 5 54 52 67 68 5 52 17 93 53
10 16 41 14 13 47 43 53 48 61 80
10 44 9 36 93 96 14 52 47 82 89
10 68 8 57 95 57 32 23 49 13 69
10 62 64 38 85 96 47 75 22 34 48
10 77 38 72 36 84 27 45 95 34 54
10 23 83 3 39 77 55 1 84 58 57
10 15 8 83 40 92 5 6 67 82 99
10 6 59 56 28 99 75 21 60 98 98
100 41 23 87 55 50 53 18 9 39 63 35 33 54 25 26 49 74 61 32 81 97 99 38 96 22 95 35 57 80 80 16 22 17 13 89 11 75 98 57 81 69 8 10 85 13 49 66 94 80 25 13 85 55 12 87 50 28 96 80 43 10 24 88 52 16 92 61 28 26 78 28 28 16 1 56 31 47 85 27 30 85 2 30 51 84 50 3 14 97 9 91 90 63 90 92 89 76 76 67 55
100 66 8 33 1 72 93 51 88 59 86 66 39 71 82 95 77 44 75 91 4 52 28 20 73 74 91 87 82 94 12 69 13 22 18 45 68 97 65 4 86 44 32 36 96 88 11 21 8 14 4 67 40 57 90 84 27 42 9 39 14 11 79 68 49 1 51 91 56 35 10 22 99 23 8 76 32 46 40 37 43 89 83 91 40 94 43 62 74 8 42 99 7 34 67 39 55 22 87 73 91
100 57 76 70 64 94 87 92 63 1 4 20 90 98 93 76 13 59 61 84 90 95 89 16 96 18 32 82 82 73 16 66 10 25 23 58 24 82 20 18 92 31 14 10 72 94 87 64 43 51 22 53 18 34 18 12 82 79 76 33 14 53 3 25 65 60 96 15 67 13 32 26 77 88 16 84 52 40 70 95 21 48 46 24 63 92 63 93 21 12 93 62 48 66 21 92 57 32 49 78 80
100 25 5 12 97 3 8 79 73 38 88 98 29 84 74 16 2 67 65 41 44 88 75 51 87 95 90 45 40 7 53 5 30 77 5 56 58 41 51 62 88 33 69 81 78 18 63 82 90 21 6 12 92 67 6 81 83 14 6 76 85 79 96 41 44 20 89 59 58 83 58 73 1 41 41 24 55 61 49 10 42 5 1 98 30 91 9 34 5 84 43 73 4 22 11 21 14 1 62 77 41
100 26 33 19 29 61 66 52 37 7 76 89 93 72 2 82 11 9 41 47 76 80 28 86 30 99 25 99 85 96 98 88 33 4 94 25 80 19 55 82 71 29 61 15 2 57 98 15 91 27 95 47 38 66 2 78 26 77 33 23 90 73 27 20 5 38 23 35 29 13 46 6 71 58 37 89 28 8 1 8 73 81 83 77 22 63 36 62 89 94 43 25 86 53 21 94 9 40 19 24 21
100 90 94 29 42 46 50 55 3 1 62 16 24 75 61 92 51 52 28 31 25 40 42 21 23 83 23 18 47 27 17 38 14 90 96 54 16 93 72 31 4 56 85 60 78 83 98 99 62 77 10 19 38 30 42 76 76 24 37 89 71 52 40 25 89 95 74 49 23 12 66 69 35 42 47 68 68 91 46 46 53 58 41 54 77 37 53 70 58 35 87 48 71 18 40 38 63 38 85 35 4
100 18 7 72 62 22 16 95 67 73 90 61 2 7 98 35 44 53 26 99 28 8 41 16 95 24 15 25 23 91 78 71 92 28 19 15 6 68 51 76 74 9 86 19 77 86 14 81 98 14 84 56 42 23 91 21 84 79 24 50 58 35 32 30 9 90 60 34 94 45 56 79 67 15 22 47 96 30 11 67 85 54 46 14 86 35 79 6 28 32 72 55 16 38 68 65 58 8 63 44 8
100 32 38 57 34 83 5 37 47 70 97 62 88 88 74 97 75 92 57 41 17 60 75 60 56 72 96 80 46 73 6 95 14 9 21 89 35 41 84 42 72 95 34 61 40 25 42 40 29 50 35 13 70 50 3 13 61 68 9 22 89 95 89 64 33 34 58 23 39 77 92 21 90 78 69 72 90 19 58 54 63 11 1 7 63 11 21 26 18 56 64 91 49 6 81 96 97 18 35 97 33
100 84 69 11 31 47 28 18 30 94 73 59 63 23 8 61 4 97 41 33 22 83 7 94 9 83 30 98 64 40 40 12 26 50 89 7 5 16 97 52 27 13 80 97 34 53 94 30 89 56 99 68 99 22 61 41 62 82 43 11 71 73 73 64 69 42 95 61 44 49 21 92 47 2 36 13 21 62 88 96 11 86 65 82 86 64 50 50 34 27 44 27 11 86 41 4 12 56 43 92 59
100 62 58 36 59 4 16 82 67 13 41 31 29 53 56 43 96 56 43 46 45 7 65 9 9 96 99 95 84 94 27 69 88 38 25 77 44 38 37 1 94 49 78 4 99 99 22 7 60 37 17 42 48 41 88 57 17 92 1 51 51 82 34 8 3 84 29 23 5 19 1 28 76 32 33 70 94 95 8 72 35 99 50 80 14 11 78 4 38 99 65 11 71 52 68 22 32 1 26 82 28
100 6519 3644 6331 2934 568 4091 9683 4491 7259 1817 8012 5351 6257 5944 5867 6458 6069 8127 2090 7718 43 3884 8377 1746 1609 3570 751 4899 835 4761 5572 6298 549 3208 9409 4502 7965 5858 6563 7282 5120 5475 2842 2067 9238 1281 9802 5111 9226 8054 6357 4621 5194 762 6544 9149 3005 3864 232 3486 3782 3937 7972 2395 8484 5245 610 3669 890 8615 6552 9008 6905 5008 6058 2261 5899 387 800 7989 2989 7534 5183 7526 6875 3557 7779 8384 7745 3038 694 5599 3879 9253 1551 2958 2095 4242 1773 2689
100 7286 155 351 6059 9686 2668 9551 5410 7182 170 3746 3095 8139 2587 2351 2341 2038 3956 6034 4071 9473 281 9306 8746 7954 8937 7855 3938 9737 2455 4344 2986 8968 1072 2442 7191 9106 4236 2768 5214 7541 329 7530 9068 9644 3539 5177 5332 2065 8245 7494 8454 604 4632 1745 301 3412 1569 8637 7840 7752 9536 1023 4841 1286 6489 8459 2725 8021 5026 7058 4540 9892 5344 1205 4363 959 9729 9225 9733 8417 9873 3721 1434 5136 6111 6189 780 4741 2670 2457 5424 1040 3746 1229 8568 3636 1546 2553 575
100 4312 7645 98 8323 7452 9659 569 4153 5222 2323 7189 9469 4907 7692 9354 7048 8080 3020 6921 6868 6764 3576 6107 7475 2066 9189 3992 983 3703 8152 7171 6628 9718 2004 4763 4294 2448 4920 2099 3932 7025 6764 3650 4581 2884 7130 3088 7126 7720 3062 970 7698 5825 8828 5746 9273 6341 9749 968 1629 6254 7840 4114 7518 7291 8554 545 6209 321 5754 4114 7038 6711 7231 8983 5997 7095 3448 9712 7735 2339 7501 1380 6625 6394 3563 2857 6665 7732 6778 2419 9820 2839 5798 4992 2321 3443 2919 2659 55
100 8496 8825 752 1544 9119 5028 451 5677 9526 7993 4195 6281 6611 4577 7649 2461 8658 7861 9187 5716 1942 7046 6593 4931 6951 2602 8772 6668 8429 5608 8580 391 6212 7047 1352 8219 4009 3228 6198 9662 7212 7250 7650 9813 3166 6766 2980 607 3149 7707 9837 1675 8168 7289 6665 3481 5294 2123 4822 6637 8423 5460 6726 2511 6047 3146 5840 1190 9890 5599 6488 2453 9763 2958 2624 4845 7182 4078 2512 2599 8684 7820 7445 2456 93 4085 1070 6128 8153 7069 2449 6531 1254 7367 8351 7700 7110 8142 7971 2881
100 4704 6306 9385 7536 3462 4798 5422 5529 8070 6241 9094 7846 663 6221 216 6758 8353 3650 3836 8183 3516 5909 6744 1548 5712 2281 3664 7100 6698 7321 4980 8937 3163 5784 3298 9890 1090 7605 1380 1147 1495 3699 9448 5208 9456 3846 3567 6856 2000 3575 7205 2697 5972 7471 1763 1143 1417 6038 2313 6554 9026 8107 9827 7982 9685 3905 8939 1048 282 7423 6327 2970 4453 5460 3399 9533 914 3932 192 3084 6806 273 4283 2060 5682 2 2362 4812 7032 810 2465 6511 213 2362 3021 2745 3636 6265 1518 8398
100 9051 5526 2264 5041 1630 5906 6787 8382 4662 4532 6804 4710 4542 2116 7219 8701 8308 957 8775 4822 396 8995 8597 2304 8902 830 8591 5828 9642 7100 3976 5565 5490 1613 5731 8052 8985 2623 6325 3723 5224 8274 4787 6310 3393 78 3288 7584 7440 5752 351 4555 7265 9959 3866 9854 2709 5817 7272 43 1014 7527 3946 4289 1272 5213 710 1603 2436 8823 5228 2581 771 3700 2109 5638 3402 3910 871 5441 6861 9556 1089 4088 2788 9632 6822 6145 5137 236 683 2869 9525 8161 8374 2439 6028 7813 6406 7519
100 2732 3229 7875 843 7703 694 8649 881 1980 4091 9504 9154 8562 6744 2481 3168 8532 1057 6485 4437 5295 4174 5121 9577 7835 8900 8898 4549 2523 1338 3576 1815 2788 7231 923 4404 7448 2852 9394 8969 6003 8314 8004 8871 9885 1381 691 8465 370 1337 8946 5740 5069 2336 5239 9604 9288 8289 9117 2554 323 8491 7969 8591 644 6469 3856 2176 2812 8537 6105 710 7486 497 5103 3675 2311 9878 2778 7828 143 7873 4826 3188 7218 7061 2181 3368 7373 8252 4100 4421 3965 5895 3968 3636 4844 9943 1695 9653
100 1681 6528 2738 8631 8709 3084 9759 6473 3576 5358 645 8556 871 9114 5708 3300 8780 8693 6569 9455 5296 3388 3617 8270 9674 7090 8535 3340 4483 5354 3410 3916 6996 1942 4957 4825 5501 7490 9810 7747 7496 9657 1934 6540 1693 3722 6950 9766 5213 724 4727 1793 7173 9086 9574 250 9901 829 9116 390 4299 1208 726 6251 3834 2785 3400 5080 8791 5606 6275 1093 3091 1673 8271 7434 226 5505 5886 9552 9098 8164 1701 2675 3463 4564 187 1042 2686 2676 5313 4072 7443 5412 8389 3182 653 4341 1299 447
100 2331 9511 5618 6542 2387 7224 5955 9267 8454 4178 4399 183 3314 6191 3993 9334 5608 5610 5123 3649 6003 8321 6744 5974 1849 7250 6533 7960 7968 9034 1568 9209 1358 3920 5422 203 468 7441 435 9277 1984 7326 9044 3398 1501 2139 1991 6612 2039 184 2666 4648 7896 5698 352 7319 7546 5654 440 4755 4365 6702 8568 9949 49 5235 7306 1870 4667 6787 9866 6188 9836 1970 8424 473 1345 275 8634 7553 9971 2085 9910 9602 8960 5917 6795 3822 883 224 5012 8353 8529 8423 9679 6096 5501 6116 1245 3923
100 5041 7233 8441 8543 6385 3510 7485 8082 2331 4285 1741 6090 5940 9375 1881 2398 8853 4536 5570 2602 670 3797 877 485 5293 2977 9745 6911 7724 6942 1018 5538 5975 814 8040 3729 8109 6632 7401 6251 9316 1160 3350 6454 169 9043 9985 9739 6648 8383 310 6228 9760 1091 2377 4596 4072 5725 5711 236 9743 9579 1136 707 4622 2247 230 6623 4310 1516 7388 1595 2204 1331 3109 4307 5117 6790 9996 3248 2877 7770 7156 6088 3034 3229 9354 6063 9388 2030 6176 3521 9438 3329 2533 2184 1247 7002 844 3161
