12
0
1 1 -1
1 3 0 0 0
2 2 -1 1 1 1
3 2 0 1 2 1 2 2 2 2
6 3 0 1 5 3 1 2 5 2 2 3 3 3 4 4 3 4 5 5 1 5
5 4 -3 -1 3 5 4 -1 2 3 3 2 2 3 2 3 5 1 5
50 3 -47 -43 96 2 -43 -42 2 -42 -41 3 -41 -40 12 4 -40 -31 44 60 3 -31 -31 -29 2 -29 -27 2 -27 -26 2 -26 -24 3 -24 -20 60 2 -20 -17 2 -17 -15 2 -15 -14 2 -14 -10 3 -10 -8 51 2 -8 -7 2 -7 -1 2 -1 3 3 3 8 29 2 8 12 2 12 15 2 15 17 2 17 28 2 28 29 2 29 35 2 35 37 2 37 40 3 40 41 57 2 41 42 2 42 44 2 44 45 3 45 47 53 2 47 49 2 49 51 2 51 53 2 53 57 3 57 59 68 2 59 60 2 60 62 2 62 66 2 66 68 2 68 72 2 72 77 2 77 78 2 78 79 2 79 80 2 80 90 2 90 94 2 94 96 1 96
100 3 -100 -98 194 2 -98 -92 2 -92 -88 3 -88 -85 -48 3 -85 -84 -2 3 -84 -84 -80 2 -80 -78 2 -78 -72 2 -72 -66 2 -66 -64 2 -64 -62 2 -62 -61 2 -61 -60 2 -60 -59 2 -59 -57 2 -57 -55 2 -55 -54 3 -54 -51 -39 2 -51 -49 2 -49 -48 2 -48 -43 3 -43 -39 -37 2 -39 -37 2 -37 -32 3 -32 -31 28 2 -31 -21 2 -21 -19 2 -19 -13 2 -13 -12 3 -12 -2 75 2 -2 4 3 4 10 140 2 10 12 2 12 13 2 13 15 2 15 23 4 23 24 75 124 3 24 25 146 2 25 28 2 28 33 2 33 36 3 36 37 50 2 37 39 2 39 43 2 43 47 2 47 49 2 49 50 2 50 55 2 55 56 3 56 60 140 2 60 62 2 62 63 2 63 65 2 65 68 3 68 74 149 2 74 75 2 75 77 2 77 81 2 81 82 3 82 83 149 2 83 85 2 85 86 2 86 89 2 89 92 3 92 94 138 3 94 95 104 2 95 96 2 96 102 3 102 104 118 2 104 112 2 112 113 2 113 116 2 116 117 2 117 118 2 118 119 2 119 121 2 121 124 2 124 125 2 125 126 2 126 129 2 129 131 2 131 133 3 133 134 142 2 134 138 2 138 140 2 140 142 3 142 146 159 2 146 149 2 149 156 2 156 157 2 157 159 2 159 170 2 170 173 2 173 177 2 177 180 2 180 185 2 185 188 2 188 193 2 193 194 1 194
500 4 -498 -497 454 994 2 -497 -496 4 -496 -490 -376 10 4 -490 -487 -238 472 4 -487 -484 154 243 3 -484 -479 704 4 -479 -477 864 875 3 -477 -476 636 2 -476 -472 2 -472 -466 3 -466 -457 868 2 -457 -453 2 -453 -448 3 -448 -446 201 2 -446 -441 2 -441 -440 3 -440 -434 643 3 -434 -433 479 2 -433 -432 2 -432 -431 2 -431 -421 4 -421 -419 -418 879 2 -419 -418 4 -418 -414 -38 826 3 -414 -413 15 2 -413 -410 3 -410 -408 -144 3 -408 -407 963 3 -407 -398 803 3 -398 -394 629 2 -394 -393 3 -393 -392 76 3 -392 -390 -380 5 -390 -389 372 457 463 3 -389 -388 -367 2 -388 -386 2 -386 -382 2 -382 -380 2 -380 -376 2 -376 -375 2 -375 -374 3 -374 -373 840 2 -373 -367 2 -367 -363 2 -363 -362 2 -362 -357 2 -357 -356 2 -356 -354 2 -354 -353 3 -353 -352 839 2 -352 -351 2 -351 -344 4 -344 -343 15 377 3 -343 -337 127 5 -337 -332 -215 -205 869 2 -332 -331 3 -331 -323 805 3 -323 -319 839 2 -319 -316 5 -316 -311 -205 66 883 2 -311 -307 2 -307 -293 2 -293 -291 3 -291 -290 383 2 -290 -289 3 -289 -287 691 5 -287 -284 680 839 958 2 -284 -275 4 -275 -274 721 962 3 -274 -273 202 3 -273 -269 416 2 -269 -267 2 -267 -265 3 -265 -263 883 2 -263 -258 3 -258 -239 -30 3 -239 -238 414 3 -238 -237 953 2 -237 -234 3 -234 -230 -180 2 -230 -229 3 -229 -224 -57 3 -224 -223 284 2 -223 -215 2 -215 -214 3 -214 -212 280 4 -212 -210 777 889 3 -210 -205 328 3 -205 -201 -135 3 -201 -198 -90 2 -198 -194 2 -194 -192 3 -192 -185 638 3 -185 -183 782 2 -183 -180 2 -180 -179 3 -179 -176 -84 2 -176 -175 2 -175 -174 2 -174 -173 3 -173 -165 575 3 -165 -164 -115 3 -164 -150 282 3 -150 -149 2 2 -149 -148 2 -148 -145 4 -145 -144 -76 487 2 -144 -142 2 -142 -140 2 -140 -138 3 -138 -135 -38 2 -135 -132 4 -132 -128 173 758 2 -128 -127 2 -127 -121 2 -121 -119 2 -119 -115 2 -115 -113 4 -113 -108 52 282 3 -108 -97 817 2 -97 -96 2 -96 -90 2 -90 -88 2 -88 -87 4 -87 -84 -32 645 3 -84 -82 813 4 -82 -80 -80 596 4 -80 -79 380 846 2 -79 -76 2 -76 -75 3 -75 -72 -30 2 -72 -70 2 -70 -69 4 -69 -67 -16 224 2 -67 -63 2 -63 -62 4 -62 -57 -3 767 3 -57 -52 301 3 -52 -45 179 3 -45 -43 195 2 -43 -42 2 -42 -41 2 -41 -38 2 -38 -37 3 -37 -36 173 3 -36 -35 95 4 -35 -32 -28 950 3 -32 -31 338 2 -31 -30 3 -30 -28 939 2 -28 -25 2 -25 -19 2 -19 -17 2 -17 -16 2 -16 -15 3 -15 -14 66 3 -14 -11 638 4 -11 -7 303 839 2 -7 -6 3 -6 -4 596 2 -4 -3 2 -3 0 3 0 2 208 3 2 4 875 2 4 6 3 6 10 887 3 10 13 867 2 13 15 2 15 26 3 26 32 524 2 32 33 2 33 38 2 38 43 3 43 44 744 2 44 49 2 49 50 2 50 52 3 52 57 243 3 57 62 179 2 62 63 3 63 66 864 3 66 68 946 4 68 70 337 373 2 70 73 4 73 73 76 782 2 76 77 2 77 79 2 79 80 2 80 84 3 84 86 536 2 86 88 2 88 92 2 92 95 2 95 98 3 98 100 705 3 100 102 414 2 102 103 3 103 117 457 2 117 118 2 118 122 2 122 124 2 124 127 3 127 134 659 2 134 136 4 136 137 507 529 3 137 145 728 2 145 149 2 149 154 3 154 155 537 3 155 160 188 3 160 161 360 2 161 162 4 162 173 389 846 3 173 175 320 2 175 178 2 178 179 3 179 180 862 2 180 181 2 181 184 2 184 187 2 187 188 2 188 194 2 194 195 2 195 197 5 197 201 416 533 977 2 201 202 3 202 205 389 2 205 208 2 208 210 3 210 212 295 2 212 213 3 213 218 865 2 218 224 2 224 227 2 227 238 2 238 243 2 243 250 4 250 251 282 953 2 251 257 2 257 260 2 260 263 2 263 265 3 265 267 303 2 267 268 4 268 269 385 612 2 269 270 2 270 271 2 271 274 3 274 280 982 3 280 282 659 2 282 284 2 284 289 2 289 290 2 290 291 2 291 292 2 292 295 3 295 300 506 5 300 301 327 575 777 3 301 302 383 2 302 303 2 303 307 2 307 315 2 315 316 3 316 318 415 2 318 319 5 319 320 327 383 595 2 320 323 3 323 324 458 4 324 326 492 638 2 326 327 2 327 328 2 328 329 2 329 330 2 330 331 2 331 334 2 334 337 2 337 338 2 338 340 2 340 341 2 341 343 2 343 349 2 349 360 2 360 361 2 361 370 2 370 372 2 372 373 4 373 376 406 851 2 376 377 3 377 380 874 2 380 383 2 383 385 2 385 389 2 389 394 2 394 402 2 402 406 2 406 408 2 408 409 2 409 411 2 411 412 2 412 414 2 414 415 2 415 416 3 416 422 698 2 422 423 3 423 424 471 2 424 427 3 427 438 748 3 438 440 549 2 440 446 2 446 449 2 449 450 2 450 453 2 453 454 2 454 456 2 456 457 2 457 458 3 458 463 616 3 463 468 526 2 468 471 2 471 472 4 472 476 767 922 2 476 479 2 479 487 2 487 490 4 490 492 612 716 2 492 496 3 496 498 777 3 498 505 650 2 505 506 2 506 507 2 507 513 2 513 519 2 519 522 2 522 523 2 523 524 2 524 526 2 526 527 2 527 529 3 529 533 657 2 533 536 4 536 537 682 934 2 537 539 2 539 549 2 549 553 2 553 554 2 554 559 4 559 565 770 867 2 565 566 2 566 572 2 572 575 3 575 576 786 3 576 578 956 2 578 582 2 582 589 2 589 595 5 595 596 645 757 786 2 596 601 2 601 603 2 603 607 3 607 612 803 2 612 616 2 616 617 2 617 618 2 618 619 3 619 625 944 2 625 626 2 626 627 3 627 629 865 2 629 630 2 630 632 2 632 633 2 633 635 4 635 636 796 802 2 636 638 2 638 639 2 639 643 2 643 645 2 645 646 2 646 650 2 650 657 2 657 659 2 659 660 2 660 663 3 663 666 791 2 666 668 2 668 672 3 672 678 959 3 678 680 802 2 680 682 2 682 691 2 691 693 2 693 694 3 694 698 758 2 698 704 2 704 705 2 705 707 2 707 708 2 708 710 2 710 712 2 712 713 2 713 716 2 716 721 2 721 723 2 723 726 2 726 728 2 728 731 2 731 734 2 734 735 2 735 736 2 736 744 2 744 748 2 748 749 2 749 750 2 750 756 3 756 757 879 3 757 758 982 2 758 760 2 760 761 2 761 765 2 765 767 2 767 770 2 770 777 2 777 779 2 779 782 2 782 786 2 786 788 2 788 790 2 790 791 2 791 794 2 794 796 2 796 800 2 800 801 2 801 802 2 802 803 2 803 804 2 804 805 2 805 806 3 806 813 979 3 813 815 859 2 815 817 2 817 823 2 823 825 2 825 826 2 826 828 2 828 832 2 832 839 2 839 840 2 840 846 2 846 850 2 850 851 2 851 855 2 855 856 2 856 859 3 859 862 864 2 862 864 2 864 865 2 865 867 2 867 868 2 868 869 3 869 871 965 2 871 872 2 872 874 2 874 875 2 875 877 2 877 879 2 879 880 2 880 881 2 881 883 2 883 887 2 887 888 2 888 889 2 889 890 2 890 893 2 893 895 2 895 900 2 900 901 2 901 922 2 922 925 2 925 926 2 926 933 2 933 934 2 934 939 2 939 942 2 942 944 2 944 946 2 946 950 2 950 953 2 953 955 2 955 956 2 956 958 2 958 959 2 959 962 2 962 963 2 963 965 2 965 970 2 970 977 2 977 979 2 979 982 2 982 994 1 994
1000 3 -1000 -999 1998 2 -999 -997 3 -997 -995 -864 2 -995 -992 3 -992 -990 -267 2 -990 -987 3 -987 -974 418 2 -974 -973 2 -973 -970 2 -970 -967 2 -967 -965 2 -965 -954 2 -954 -951 2 -951 -949 2 -949 -942 2 -942 -931 3 -931 -924 1640 3 -924 -919 1475 2 -919 -918 2 -918 -916 2 -916 -915 4 -915 -914 -911 426 2 -914 -911 3 -911 -906 1851 2 -906 -902 2 -902 -901 3 -901 -898 864 3 -898 -896 1986 3 -896 -895 314 2 -895 -894 2 -894 -886 2 -886 -884 3 -884 -882 657 4 -882 -880 -93 -7 2 -880 -879 2 -879 -875 2 -875 -867 2 -867 -866 2 -866 -864 2 -864 -861 2 -861 -852 2 -852 -850 2 -850 -848 2 -848 -844 2 -844 -842 2 -842 -841 2 -841 -831 2 -831 -830 2 -830 -825 3 -825 -821 1863 2 -821 -820 2 -820 -819 4 -819 -818 -459 -83 2 -818 -809 4 -809 -807 408 818 2 -807 -802 2 -802 -798 3 -798 -797 1863 2 -797 -791 3 -791 -789 1917 2 -789 -786 2 -786 -783 2 -783 -778 3 -778 -776 -77 2 -776 -775 2 -775 -772 3 -772 -771 198 2 -771 -769 3 -769 -767 509 2 -767 -765 2 -765 -764 2 -764 -759 2 -759 -758 2 -758 -748 2 -748 -746 2 -746 -744 3 -744 -743 -48 2 -743 -742 2 -742 -739 3 -739 -738 -700 2 -738 -736 2 -736 -729 3 -729 -726 -213 2 -726 -725 2 -725 -722 2 -722 -721 3 -721 -718 292 3 -718 -715 1331 4 -715 -712 -653 729 3 -712 -711 -621 2 -711 -709 2 -709 -706 2 -706 -704 3 -704 -703 1787 2 -703 -700 2 -700 -695 2 -695 -686 2 -686 -684 2 -684 -680 2 -680 -679 2 -679 -677 3 -677 -676 -632 3 -676 -675 -220 3 -675 -674 -475 2 -674 -671 2 -671 -669 3 -669 -668 -597 2 -668 -663 2 -663 -661 2 -661 -659 3 -659 -653 -538 2 -653 -649 3 -649 -644 1161 2 -644 -643 2 -643 -639 2 -639 -638 2 -638 -632 2 -632 -631 3 -631 -625 -220 3 -625 -623 1839 2 -623 -622 2 -622 -621 2 -621 -618 2 -618 -615 2 -615 -610 2 -610 -606 3 -606 -604 1588 3 -604 -603 375 2 -603 -597 2 -597 -596 2 -596 -593 2 -593 -589 2 -589 -587 3 -587 -583 -509 2 -583 -580 2 -580 -573 3 -573 -569 290 3 -569 -568 790 2 -568 -562 2 -562 -552 2 -552 -545 2 -545 -543 2 -543 -538 2 -538 -537 2 -537 -536 2 -536 -535 3 -535 -531 1971 4 -531 -530 913 1359 2 -530 -525 5 -525 -518 774 924 1957 3 -518 -517 961 2 -517 -512 2 -512 -511 2 -511 -509 2 -509 -508 2 -508 -499 3 -499 -497 1633 4 -497 -492 369 1302 2 -492 -488 2 -488 -485 2 -485 -483 2 -483 -481 3 -481 -475 -288 3 -475 -474 418 2 -474 -473 3 -473 -467 1918 3 -467 -465 551 2 -465 -459 3 -459 -458 619 2 -458 -457 2 -457 -455 2 -455 -452 2 -452 -450 3 -450 -449 1741 2 -449 -446 2 -446 -444 2 -444 -436 3 -436 -430 -267 3 -430 -428 1169 2 -428 -427 3 -427 -426 1886 4 -426 -421 729 1970 2 -421 -416 2 -416 -415 4 -415 -415 -411 1787 2 -411 -409 2 -409 -408 2 -408 -406 2 -406 -405 2 -405 -404 2 -404 -403 2 -403 -399 2 -399 -393 2 -393 -391 3 -391 -384 214 3 -384 -383 -48 2 -383 -375 3 -375 -373 1458 2 -373 -371 2 -371 -363 2 -363 -361 2 -361 -347 4 -347 -344 707 1659 2 -344 -340 2 -340 -339 2 -339 -329 2 -329 -327 2 -327 -326 2 -326 -325 3 -325 -324 -300 3 -324 -322 -102 2 -322 -319 3 -319 -313 375 4 -313 -312 958 1321 2 -312 -311 2 -311 -308 3 -308 -307 947 2 -307 -306 2 -306 -305 2 -305 -303 2 -303 -300 2 -300 -298 2 -298 -296 2 -296 -295 5 -295 -294 1423 1544 1993 3 -294 -292 588 3 -292 -290 759 2 -290 -288 2 -288 -287 2 -287 -280 2 -280 -276 3 -276 -273 396 2 -273 -272 2 -272 -271 2 -271 -268 2 -268 -267 2 -267 -259 2 -259 -257 2 -257 -247 2 -247 -243 2 -243 -237 2 -237 -236 2 -236 -233 2 -233 -231 2 -231 -230 2 -230 -229 2 -229 -227 2 -227 -226 3 -226 -221 546 2 -221 -220 2 -220 -213 2 -213 -211 2 -211 -206 2 -206 -205 2 -205 -203 2 -203 -197 3 -197 -190 1200 5 -190 -189 292 1330 1573 4 -189 -188 -77 940 2 -188 -183 2 -183 -178 2 -178 -176 2 -176 -173 2 -173 -171 2 -171 -169 4 -169 -165 -151 1583 2 -165 -158 3 -158 -157 1464 4 -157 -156 10 155 2 -156 -151 2 -151 -146 2 -146 -134 2 -134 -130 2 -130 -123 2 -123 -121 2 -121 -117 2 -117 -116 2 -116 -115 2 -115 -109 2 -109 -108 2 -108 -107 2 -107 -102 2 -102 -100 2 -100 -94 2 -94 -93 2 -93 -88 3 -88 -84 -63 2 -84 -83 2 -83 -82 3 -82 -77 916 2 -77 -75 3 -75 -73 1243 4 -73 -70 1160 1189 2 -70 -67 2 -67 -63 2 -63 -60 2 -60 -58 2 -58 -56 2 -56 -51 2 -51 -48 2 -48 -45 2 -45 -44 3 -44 -42 761 2 -42 -39 3 -39 -37 1468 2 -37 -36 3 -36 -32 1743 2 -32 -29 2 -29 -28 2 -28 -26 2 -26 -23 2 -23 -22 2 -22 -21 2 -21 -17 2 -17 -10 2 -10 -9 2 -9 -7 2 -7 -5 2 -5 -4 2 -4 -2 4 -2 0 459 1771 2 0 5 2 5 6 3 6 7 862 2 7 10 2 10 11 2 11 16 3 16 17 1650 2 17 19 3 19 20 1294 3 20 22 1113 2 22 23 2 23 24 2 24 26 2 26 32 3 32 34 1020 2 34 36 2 36 38 4 38 43 1113 1655 2 43 44 4 44 49 1068 1676 3 49 54 1133 2 54 55 2 55 57 2 57 61 2 61 63 2 63 64 2 64 65 2 65 72 2 72 76 4 76 78 297 850 2 78 82 2 82 83 2 83 84 2 84 88 3 88 89 297 3 89 102 994 2 102 105 2 105 106 3 106 107 1815 3 107 109 1243 2 109 110 2 110 112 2 112 116 2 116 125 2 125 131 2 131 132 3 132 145 396 3 145 146 638 2 146 147 2 147 148 2 148 149 2 149 152 3 152 155 567 2 155 156 2 156 157 2 157 159 3 159 160 1583 2 160 165 2 165 167 2 167 172 3 172 176 1262 2 176 182 3 182 190 302 2 190 191 2 191 193 2 193 194 2 194 198 2 198 201 2 201 205 2 205 207 2 207 208 3 208 212 1757 2 212 213 2 213 214 2 214 216 2 216 217 2 217 219 2 219 220 2 220 223 2 223 226 3 226 228 1479 2 228 229 2 229 230 2 230 234 2 234 235 2 235 237 2 237 238 2 238 244 2 244 245 2 245 249 2 249 250 2 250 260 2 260 269 3 269 270 1909 3 270 277 1996 2 277 279 2 279 280 2 280 289 2 289 290 2 290 291 2 291 292 2 292 294 2 294 296 2 296 297 2 297 299 2 299 301 2 301 302 2 302 303 2 303 305 3 305 306 1628 2 306 311 2 311 313 2 313 314 2 314 317 2 317 320 2 320 326 3 326 328 538 4 328 336 914 1881 2 336 337 2 337 338 2 338 339 2 339 347 2 347 364 2 364 365 2 365 369 3 369 371 752 2 371 375 2 375 380 2 380 384 2 384 387 2 387 389 2 389 393 3 393 394 395 2 394 395 2 395 396 2 396 400 3 400 406 1010 3 406 408 576 2 408 411 2 411 412 2 412 417 2 417 418 2 418 420 2 420 426 2 426 429 2 429 431 2 431 434 3 434 435 765 2 435 437 2 437 439 3 439 442 808 2 442 444 2 444 447 2 447 450 2 450 456 2 456 459 2 459 460 2 460 461 2 461 462 2 462 463 2 463 464 2 464 468 2 468 475 3 475 477 1613 2 477 484 2 484 489 4 489 491 780 1228 2 491 496 2 496 500 3 500 501 752 2 501 509 2 509 522 2 522 527 3 527 528 1893 2 528 530 2 530 538 2 538 546 2 546 547 2 547 548 3 548 549 1454 2 549 551 2 551 553 4 553 558 780 1470 3 558 560 1133 3 560 566 1686 3 566 567 1886 2 567 568 2 568 572 2 572 576 2 576 585 2 585 586 2 586 588 2 588 589 2 589 590 2 590 598 2 598 599 2 599 603 2 603 606 2 606 607 2 607 608 2 608 613 2 613 618 3 618 619 956 2 619 620 2 620 625 2 625 634 2 634 637 2 637 638 2 638 641 2 641 646 3 646 647 1062 2 647 649 3 649 653 1458 3 653 654 672 2 654 655 2 655 656 2 656 657 2 657 659 2 659 660 2 660 661 3 661 671 1868 2 671 672 2 672 675 2 675 678 2 678 687 2 687 691 2 691 693 2 693 694 2 694 695 2 695 700 2 700 701 2 701 707 2 707 710 3 710 716 805 2 716 717 3 717 721 1825 2 721 727 2 727 729 2 729 731 2 731 734 2 734 735 2 735 740 2 740 742 2 742 745 3 745 752 1677 2 752 755 2 755 758 3 758 759 1715 2 759 761 2 761 763 2 763 764 2 764 765 2 765 768 2 768 774 2 774 776 2 776 780 2 780 781 2 781 783 2 783 787 2 787 790 2 790 799 2 799 800 2 800 805 2 805 806 3 806 808 1262 2 808 811 2 811 818 2 818 822 2 822 823 2 823 824 2 824 825 3 825 826 1633 2 826 827 2 827 828 2 828 835 3 835 845 914 2 845 847 2 847 849 2 849 850 2 850 852 2 852 856 2 856 857 2 857 858 2 858 860 2 860 862 2 862 864 2 864 865 2 865 873 2 873 879 2 879 882 2 882 883 3 883 885 1757 2 885 887 2 887 891 2 891 894 2 894 895 2 895 897 3 897 898 1044 2 898 899 2 899 900 2 900 910 2 910 912 2 912 913 3 913 914 1642 2 914 915 3 915 916 916 2 916 918 2 918 921 2 921 924 2 924 926 2 926 930 2 930 931 3 931 934 1213 2 934 935 2 935 936 3 936 940 998 2 940 947 2 947 948 3 948 950 1182 2 950 953 2 953 955 2 955 956 2 956 958 2 958 959 3 959 961 1086 2 961 964 2 964 967 2 967 969 2 969 971 2 971 972 2 972 975 2 975 977 2 977 978 2 978 983 3 983 984 1052 2 984 985 2 985 988 2 988 994 2 994 996 2 996 998 2 998 1002 2 1002 1005 2 1005 1006 2 1006 1007 2 1007 1010 2 1010 1016 2 1016 1018 2 1018 1020 2 1020 1021 2 1021 1029 2 1029 1031 2 1031 1034 2 1034 1040 2 1040 1042 2 1042 1043 2 1043 1044 2 1044 1045 2 1045 1046 2 1046 1051 2 1051 1052 2 1052 1054 4 1054 1057 1357 1379 2 1057 1058 2 1058 1062 2 1062 1063 2 1063 1065 2 1065 1066 2 1066 1068 2 1068 1069 2 1069 1077 2 1077 1080 2 1080 1086 2 1086 1088 2 1088 1089 2 1089 1092 2 1092 1097 2 1097 1098 2 1098 1099 2 1099 1101 2 1101 1103 2 1103 1111 2 1111 1112 2 1112 1113 2 1113 1122 3 1122 1123 1719 2 1123 1131 2 1131 1133 2 1133 1134 2 1134 1151 2 1151 1159 2 1159 1160 2 1160 1161 2 1161 1162 2 1162 1165 2 1165 1169 3 1169 1171 1884 2 1171 1172 2 1172 1173 2 1173 1175 2 1175 1179 2 1179 1181 2 1181 1182 2 1182 1186 2 1186 1187 2 1187 1189 2 1189 1191 2 1191 1198 2 1198 1200 2 1200 1201 2 1201 1208 2 1208 1210 2 1210 1213 2 1213 1217 2 1217 1218 2 1218 1225 2 1225 1228 3 1228 1230 1267 2 1230 1234 2 1234 1237 2 1237 1238 2 1238 1240 3 1240 1241 1302 2 1241 1243 2 1243 1250 2 1250 1251 2 1251 1256 2 1256 1260 2 1260 1262 2 1262 1267 2 1267 1282 2 1282 1284 2 1284 1286 2 1286 1289 2 1289 1290 2 1290 1294 2 1294 1295 2 1295 1300 2 1300 1301 2 1301 1302 2 1302 1304 2 1304 1313 2 1313 1315 3 1315 1316 1422 2 1316 1318 3 1318 1321 1393 2 1321 1323 2 1323 1328 2 1328 1329 2 1329 1330 2 1330 1331 2 1331 1334 2 1334 1337 2 1337 1342 2 1342 1355 2 1355 1357 2 1357 1359 2 1359 1361 2 1361 1362 2 1362 1365 2 1365 1367 2 1367 1370 2 1370 1372 2 1372 1374 2 1374 1378 2 1378 1379 3 1379 1383 1874 2 1383 1385 3 1385 1392 1900 2 1392 1393 2 1393 1398 2 1398 1399 2 1399 1403 2 1403 1406 2 1406 1408 2 1408 1409 2 1409 1410 2 1410 1415 2 1415 1417 2 1417 1418 2 1418 1422 2 1422 1423 3 1423 1424 1683 2 1424 1429 2 1429 1431 2 1431 1438 2 1438 1441 3 1441 1446 1554 2 1446 1448 2 1448 1449 2 1449 1450 2 1450 1451 2 1451 1454 2 1454 1456 2 1456 1458 2 1458 1464 3 1464 1465 1600 3 1465 1466 1525 2 1466 1468 2 1468 1470 2 1470 1473 2 1473 1475 2 1475 1476 2 1476 1479 3 1479 1491 1598 2 1491 1494 3 1494 1496 1784 2 1496 1498 2 1498 1500 2 1500 1509 2 1509 1513 2 1513 1516 2 1516 1519 2 1519 1521 2 1521 1524 2 1524 1525 2 1525 1537 2 1537 1542 2 1542 1544 2 1544 1547 3 1547 1550 1954 2 1550 1553 2 1553 1554 2 1554 1557 2 1557 1561 2 1561 1562 4 1562 1563 1781 1891 2 1563 1569 2 1569 1572 2 1572 1573 2 1573 1575 3 1575 1576 1979 2 1576 1579 2 1579 1582 2 1582 1583 3 1583 1588 1756 2 1588 1589 2 1589 1594 2 1594 1595 2 1595 1598 2 1598 1600 2 1600 1605 2 1605 1608 2 1608 1613 2 1613 1615 2 1615 1617 2 1617 1618 2 1618 1620 2 1620 1624 2 1624 1625 2 1625 1626 2 1626 1628 3 1628 1632 1812 2 1632 1633 2 1633 1635 2 1635 1640 2 1640 1642 2 1642 1647 2 1647 1650 2 1650 1655 2 1655 1659 2 1659 1660 2 1660 1661 2 1661 1663 2 1663 1668 2 1668 1671 3 1671 1672 1983 3 1672 1674 1812 2 1674 1676 2 1676 1677 2 1677 1680 2 1680 1682 2 1682 1683 2 1683 1686 2 1686 1687 2 1687 1695 2 1695 1697 2 1697 1703 2 1703 1705 2 1705 1711 2 1711 1713 2 1713 1715 2 1715 1716 2 1716 1717 2 1717 1719 2 1719 1720 2 1720 1731 2 1731 1733 2 1733 1734 2 1734 1741 2 1741 1743 2 1743 1748 2 1748 1752 2 1752 1753 2 1753 1756 2 1756 1757 2 1757 1761 2 1761 1762 2 1762 1767 2 1767 1771 2 1771 1781 2 1781 1784 2 1784 1785 2 1785 1787 2 1787 1788 2 1788 1789 2 1789 1791 2 1791 1793 2 1793 1797 2 1797 1800 2 1800 1805 2 1805 1807 2 1807 1812 2 1812 1815 2 1815 1823 2 1823 1825 2 1825 1828 2 1828 1829 2 1829 1832 2 1832 1839 2 1839 1847 2 1847 1848 2 1848 1851 2 1851 1857 2 1857 1862 2 1862 1863 2 1863 1868 2 1868 1871 2 1871 1872 2 1872 1874 2 1874 1875 2 1875 1879 2 1879 1881 2 1881 1884 2 1884 1886 2 1886 1890 2 1890 1891 2 1891 1892 2 1892 1893 2 1893 1895 2 1895 1899 2 1899 1900 2 1900 1904 2 1904 1905 2 1905 1909 2 1909 1915 2 1915 1916 2 1916 1917 2 1917 1918 2 1918 1919 2 1919 1922 2 1922 1927 2 1927 1936 2 1936 1939 2 1939 1941 2 1941 1942 2 1942 1944 2 1944 1950 2 1950 1952 2 1952 1953 2 1953 1954 2 1954 1957 2 1957 1962 2 1962 1966 2 1966 1970 2 1970 1971 2 1971 1972 2 1972 1978 2 1978 1979 2 1979 1982 2 1982 1983 2 1983 1985 2 1985 1986 2 1986 1990 2 1990 1992 2 1992 1993 2 1993 1994 2 1994 1996 2 1996 1998 1 1998
2000 8 -2000 -1994 -1429 1057 1063 2531 2769 3992 9 -1994 -1991 -1262 -693 581 962 2915 2940 3226 8 -1991 -1990 -691 -655 1419 1967 2939 3531 9 -1990 -1989 -1800 -678 409 1342 2739 3018 3042 12 -1989 -1987 -1899 -319 44 834 1336 1633 3170 3891 3930 3951 4 -1987 -1985 924 2445 4 -1985 -1976 -1589 -513 9 -1976 -1974 -1745 -1657 -1265 520 1120 3313 3458 6 -1974 -1973 -1416 491 1210 2706 8 -1973 -1972 -872 365 786 822 1251 3975 11 -1972 -1971 -1947 -212 -137 98 468 1125 1240 1253 2188 7 -1971 -1970 -1733 -1161 -595 3352 3614 8 -1970 -1969 -1820 -1229 57 398 735 972 8 -1969 -1968 -1658 -1161 -553 581 3456 3686 13 -1968 -1966 -1961 -1470 -1330 -988 475 502 593 998 1633 2933 3797 8 -1966 -1965 -535 723 3044 3357 3694 3946 6 -1965 -1961 -1410 1158 2012 2317 8 -1961 -1960 -948 -573 -437 124 917 2765 10 -1960 -1955 -1615 -417 -319 805 884 3344 3454 3908 7 -1955 -1954 -1828 -21 1436 1560 2797 9 -1954 -1952 -742 -527 231 417 525 884 3476 7 -1952 -1951 -319 -189 303 983 1685 7 -1951 -1947 840 2219 2317 2771 3487 5 -1947 -1946 -1437 -421 1766 8 -1946 -1943 -514 -449 -365 53 163 1946 6 -1943 -1941 -1200 1358 1595 3044 9 -1941 -1927 -1764 486 1584 2936 3134 3164 3328 5 -1927 -1918 -1717 -1049 3347 4 -1918 -1917 -1461 2585 7 -1917 -1910 -1759 174 1385 2269 2952 4 -1910 -1909 -1584 2615 8 -1909 -1908 -1717 -728 258 399 617 3973 8 -1908 -1906 -1354 -265 443 1358 2053 2059 8 -1906 -1903 22 184 589 998 1562 1727 5 -1903 -1900 2112 2687 3468 10 -1900 -1899 -1798 -842 9 469 1904 2304 3024 3774 5 -1899 -1898 1322 1384 3084 7 -1898 -1895 -911 -370 607 2377 3585 8 -1895 -1893 -1200 -505 293 600 1036 1129 13 -1893 -1892 -994 -455 -346 9 137 475 615 1118 1181 1566 3258 10 -1892 -1891 -751 -470 -97 -14 705 2092 3258 3329 8 -1891 -1888 -1833 -1700 -305 190 2725 2857 8 -1888 -1885 -915 -727 48 86 267 2500 8 -1885 -1882 -199 -174 542 1181 2129 3055 8 -1882 -1881 -1419 -1281 -1067 251 2285 3210 8 -1881 -1877 -1715 -1699 -1172 -946 789 1766 13 -1877 -1874 -1702 -555 -552 -551 -376 177 1174 1439 1951 2173 2256 8 -1874 -1866 -610 610 960 2300 2900 3844 8 -1866 -1862 -1445 -608 615 791 2393 3828 8 -1862 -1859 -603 93 265 887 3526 3912 7 -1859 -1858 -1454 -303 2363 3323 3638 8 -1858 -1856 -495 -378 960 2959 3305 3973 10 -1856 -1852 -1009 1304 1431 1651 2454 2708 3468 3925 9 -1852 -1850 -617 -400 705 2765 3180 3847 3935 10 -1850 -1849 -1833 -948 -599 184 460 1961 3158 3796 10 -1849 -1845 -948 136 770 840 985 2299 2891 2936 3 -1845 -1844 1727 4 -1844 -1843 3133 3544 10 -1843 -1833 -1129 -647 145 1132 1138 1696 3238 3307 11 -1833 -1828 -678 405 415 1108 1605 2891 2935 3256 3939 8 -1828 -1827 -417 -199 48 142 1175 3939 8 -1827 -1824 -1236 -975 -923 2980 3458 3873 8 -1824 -1823 -1788 -1146 -670 -3 521 1082 12 -1823 -1820 -1009 -356 -212 95 122 488 1037 1223 1501 3244 7 -1820 -1807 -1314 123 1995 2736 2885 11 -1807 -1806 -1387 -1291 -1233 -344 -171 983 1650 2293 3957 11 -1806 -1803 -639 -62 543 1566 2513 2659 2706 2858 3044 11 -1803 -1800 -783 -623 -617 -548 416 723 1495 2053 3365 12 -1800 -1799 262 558 1563 2111 2553 2762 2924 3143 3943 3972 13 -1799 -1798 -1496 -502 34 398 708 744 781 1311 1450 2473 2524 8 -1798 -1788 -1076 -435 -280 980 3614 3959 7 -1788 -1786 -935 -44 1645 2463 3305 11 -1786 -1783 -817 -707 -79 728 1112 1649 2379 2599 2622 13 -1783 -1781 -1708 -1182 -555 -263 419 1563 1848 2632 2930 3023 3347 6 -1781 -1780 1103 1629 2015 3244 6 -1780 -1775 -1671 -1147 -1 31 7 -1775 -1772 -1037 -728 -251 405 3733 9 -1772 -1766 -1314 -420 -330 1120 3151 3544 3625 9 -1766 -1764 -1562 -1047 -974 -415 1113 1210 3149 14 -1764 -1760 -1726 -1715 -1685 -255 451 973 1295 1308 2143 2308 2501 3911 13 -1760 -1759 -1620 -1129 -918 -141 186 1450 2201 2560 2824 3150 3151 8 -1759 -1756 -1739 -792 1358 1873 3096 3900 7 -1756 -1748 -505 1598 2299 2935 3748 7 -1748 -1747 -1706 -185 2087 2232 3898 10 -1747 -1746 -1415 -708 249 523 845 1063 1279 2269 8 -1746 -1745 -1200 1269 1357 2891 3000 3577 6 -1745 -1743 -1713 -487 1006 1592 9 -1743 -1739 -869 -379 -129 331 829 2696 2994 6 -1739 -1738 -1041 -965 -305 2389 6 -1738 -1737 -1463 950 2163 2599 4 -1737 -1736 365 3419 6 -1736 -1733 -1619 2726 2836 3352 7 -1733 -1730 430 635 723 1320 3828 7 -1730 -1726 -1081 -229 2228 2524 2553 6 -1726 -1723 -567 -168 716 2194 6 -1723 -1722 -795 -236 1638 3929 12 -1722 -1717 -981 -920 -513 -242 281 1013 1652 1684 1968 2367 6 -1717 -1716 1408 2454 2739 3468 8 -1716 -1715 -616 -154 2614 2769 2807 3967 7 -1715 -1713 -985 -376 -166 -86 1201 6 -1713 -1712 -1293 -1227 1995 3561 8 -1712 -1711 -1497 -84 272 417 1851 3422 8 -1711 -1708 -1145 -616 -592 1104 2638 3944 7 -1708 -1706 -1429 -655 -635 303 720 7 -1706 -1703 270 395 1382 2105 2377 4 -1703 -1702 -1059 2531 8 -1702 -1701 -1314 -915 -588 -21 1895 3904 7 -1701 -1700 -1615 -1230 2524 3151 3976 5 -1700 -1699 -1571 786 2724 3 -1699 -1697 -919 9 -1697 -1686 -642 -236 804 1693 2775 2975 3564 8 -1686 -1685 -1541 -1368 466 1108 3055 3900 8 -1685 -1681 -1224 -1100 -603 1443 2031 3944 9 -1681 -1676 -1403 -1182 -636 591 1600 3220 3454 8 -1676 -1673 -210 171 775 813 2767 2821 9 -1673 -1672 -1306 -429 1097 1594 1627 2261 2798 8 -1672 -1671 -1265 -441 1358 2199 3128 3944 2 -1671 -1668 7 -1668 -1662 399 558 662 780 1961 8 -1662 -1658 -985 -379 1037 2903 2984 3113 5 -1658 -1657 558 607 1729 8 -1657 -1653 -869 -384 1703 1766 2605 3450 8 -1653 -1647 0 365 840 1502 1598 3370 4 -1647 -1646 -560 -266 10 -1646 -1644 -792 -266 -79 10 160 1200 2289 3605 6 -1644 -1638 173 380 1716 1847 9 -1638 -1637 -1407 -860 -555 136 2162 3432 3911 7 -1637 -1634 -1076 -102 654 720 1934 9 -1634 -1630 34 663 748 1600 2108 2503 3694 7 -1630 -1623 -1400 195 1890 3350 3872 6 -1623 -1620 -763 -497 1568 3230 6 -1620 -1619 -1499 -179 1424 3455 8 -1619 -1618 -965 -470 1036 2054 2943 3790 7 -1618 -1615 -1262 -21 790 1227 1252 10 -1615 -1608 -806 -592 542 602 1203 1799 2352 3669 8 -1608 -1602 -1173 -800 -130 1280 1290 3357 9 -1602 -1596 -1419 -683 -444 1029 1308 1408 3250 6 -1596 -1590 -705 423 915 1848 7 -1590 -1589 173 1063 3003 3684 3901 6 -1589 -1588 -1470 152 587 2285 7 -1588 -1587 -1343 -679 -132 1324 3394 4 -1587 -1586 163 1443 10 -1586 -1584 -1265 -552 -175 790 1236 2152 2520 2814 9 -1584 -1582 -1262 -801 172 542 2979 3320 3944 5 -1582 -1580 -514 3323 3616 8 -1580 -1575 -1406 -595 508 744 1607 1934 9 -1575 -1571 -1029 -236 1598 2519 3725 3920 3928 9 -1571 -1566 -1170 -1068 -1037 184 1507 2431 2582 6 -1566 -1564 -1545 -438 1629 2872 6 -1564 -1562 196 1123 3193 3912 10 -1562 -1559 -186 -44 137 466 1082 1323 2000 3949 9 -1559 -1556 -1148 -1129 469 1879 2073 3297 3517 6 -1556 -1553 -1422 -817 739 1942 7 -1553 -1546 -1406 -1266 -693 867 1860 5 -1546 -1545 469 733 3790 8 -1545 -1541 -533 165 406 667 1805 2517 7 -1541 -1540 -281 48 165 262 395 5 -1540 -1537 -1496 189 1752 7 -1537 -1532 558 1031 2943 3218 3844 4 -1532 -1530 1356 1495 10 -1530 -1524 -1082 -255 1120 1502 2327 2947 3035 3365 9 -1524 -1522 -898 121 795 3077 3517 3655 3655 7 -1522 -1520 -1081 1166 2522 2832 3468 8 -1520 -1519 504 1133 1755 2522 2965 3536 8 -1519 -1516 771 1075 1747 1923 3103 3943 5 -1516 -1513 -263 623 3456 4 -1513 -1511 905 2727 15 -1511 -1508 -1290 -616 -599 -344 211 430 557 1364 2155 2198 2531 2689 3127 10 -1508 -1506 -1278 -1030 -533 728 1545 2383 3143 3462 6 -1506 -1504 646 651 3386 3911 6 -1504 -1499 -704 -154 2670 3633 9 -1499 -1497 -537 -445 639 1356 1599 1995 3014 3 -1497 -1496 2890 9 -1496 -1493 124 1016 1303 2539 3245 3256 3331 10 -1493 -1492 -728 -566 -109 521 734 2217 3149 3219 6 -1492 -1491 -181 10 270 1034 9 -1491 -1489 -1405 -174 320 630 1166 1633 3610 7 -1489 -1486 -1233 -58 1575 2637 3531 2 -1486 -1482 5 -1482 -1480 -119 603 2905 9 -1480 -1474 -817 -806 -21 120 537 1588 2994 5 -1474 -1473 -1127 2128 2975 5 -1473 -1470 -132 983 1474 5 -1470 -1469 -1182 1995 2059 8 -1469 -1463 -1293 -719 163 2231 2501 2766 10 -1463 -1461 -1370 -68 192 1312 1987 2726 2755 3407 8 -1461 -1456 -1195 39 1320 1357 3096 3103 11 -1456 -1454 -1403 -1199 98 768 1454 2454 2613 3557 3901 9 -1454 -1453 -1182 -1096 -856 -34 196 245 3527 8 -1453 -1451 -1390 -1390 -1265 788 1443 2042 5 -1451 -1450 468 1720 2325 7 -1450 -1449 -727 1231 1545 2220 2878 9 -1449 -1445 -712 -599 -310 145 723 1127 3301 11 -1445 -1440 -149 745 1485 1847 2196 2377 3377 3638 3810 6 -1440 -1438 1680 2799 2821 3891 8 -1438 -1437 -1343 -330 -83 781 808 3917 5 -1437 -1433 -66 771 3137 10 -1433 -1429 -1030 -38 80 639 875 1789 2517 3394 12 -1429 -1426 -1117 -879 -561 341 430 462 793 980 1507 2073 10 -1426 -1424 -1229 -858 -51 -38 2261 2266 3655 3904 5 -1424 -1422 -391 2155 2412 8 -1422 -1421 -948 -652 203 443 1397 2798 4 -1421 -1419 1166 2814 8 -1419 -1418 -1393 -551 -384 877 1322 3901 10 -1418 -1417 -1267 -426 -224 491 905 1236 2004 2275 5 -1417 -1416 -360 1137 2228 8 -1416 -1415 -97 383 623 875 1357 2849 9 -1415 -1413 -441 -1 417 438 1485 2437 2687 6 -1413 -1410 -1077 57 1158 2671 11 -1410 -1407 -1354 -1090 -733 -665 -417 0 251 521 716 7 -1407 -1406 -642 36 281 2632 3585 11 -1406 -1405 -1240 -1233 -823 1007 1599 2008 2523 2797 3323 10 -1405 -1403 -898 383 1766 1783 2606 2781 2975 3299 9 -1403 -1400 -269 556 687 1322 1868 3103 3722 7 -1400 -1395 -502 -154 1467 1938 2739 7 -1395 -1393 -147 1423 2638 2781 2961 11 -1393 -1390 -1072 91 466 1037 1336 1553 2240 2488 2761 7 -1390 -1387 -1234 -803 2191 3228 3616 6 -1387 -1380 -277 281 928 3147 7 -1380 -1379 -400 2068 2068 3362 3979 8 -1379 -1374 -1291 -823 -567 1045 1915 2560 8 -1374 -1370 -1117 362 1063 2269 2856 3654 9 -1370 -1368 8 202 1283 1566 1890 3107 3245 5 -1368 -1359 2405 2636 3193 10 -1359 -1357 -1265 -437 203 244 2357 2775 2890 3711 5 -1357 -1354 -68 517 2666 7 -1354 -1352 -963 462 1593 2612 2825 5 -1352 -1349 1874 2483 3699 7 -1349 -1343 -974 -867 -636 -154 3348 8 -1343 -1339 -647 -419 962 2314 2383 2543 6 -1339 -1338 1600 1890 3173 3943 6 -1338 -1334 -588 -147 189 3969 9 -1334 -1330 -584 295 399 1718 1934 2383 2420 8 -1330 -1329 -879 187 443 1423 1506 3930 7 -1329 -1328 -1259 -173 2088 2980 3299 5 -1328 -1325 -290 3406 3609 11 -1325 -1323 -476 -452 -426 -303 -55 661 2885 3531 3754 8 -1323 -1321 -1008 398 633 1355 1638 3495 6 -1321 -1314 -430 587 2857 3044 4 -1314 -1309 -415 3457 7 -1309 -1306 1108 1398 1725 2601 3266 8 -1306 -1305 -556 -171 710 2475 3157 3790 6 -1305 -1304 -1122 -548 1945 1970 5 -1304 -1302 1805 2059 3120 8 -1302 -1296 -851 -476 -199 124 1419 3076 8 -1296 -1293 -1179 196 625 1605 2293 3076 7 -1293 -1291 -1265 -1042 -573 953 2727 16 -1291 -1290 -1100 -1080 -376 -370 139 639 1029 1137 1355 2606 2891 3127 3323 3560 10 -1290 -1288 -1266 -212 399 1063 1120 1144 2587 3136 8 -1288 -1286 -1086 -404 1730 1915 2143 2437 7 -1286 -1281 -741 -728 415 1419 3655 8 -1281 -1280 562 714 1875 2689 3128 3577 5 -1280 -1278 -1106 3630 3711 9 -1278 -1272 -623 -175 163 202 2519 2523 3564 14 -1272 -1267 -1080 -822 -636 -23 184 750 1196 1375 1945 2785 2909 3442 5 -1267 -1266 -573 2266 2747 5 -1266 -1265 636 2501 3123 11 -1265 -1262 -556 -1 1075 1160 1408 1656 1829 2550 2879 4 -1262 -1261 -623 1854 8 -1261 -1260 30 871 1203 2445 3226 3638 5 -1260 -1259 80 1203 1217 8 -1259 -1256 -762 -175 43 377 1731 2750 5 -1256 -1253 1842 2536 2676 12 -1253 -1252 -825 -784 -281 -225 1154 1755 1926 2637 2961 3003 6 -1252 -1247 198 646 1424 3456 9 -1247 -1240 -763 -417 187 919 1028 2952 3729 8 -1240 -1238 -1042 -871 508 1633 1638 1685 6 -1238 -1236 1013 1690 3846 3903 8 -1236 -1234 -683 123 416 2260 2769 3515 6 -1234 -1233 2885 3866 3929 3976 9 -1233 -1232 -573 636 902 1945 2766 3063 3258 7 -1232 -1230 -308 -296 2342 2598 2708 5 -1230 -1229 -55 24 183 9 -1229 -1227 -825 -426 415 1423 1594 3127 3226 6 -1227 -1226 -1179 44 2116 2327 12 -1226 -1225 -422 122 197 265 337 767 1057 1683 3301 3419 10 -1225 -1224 -1160 -741 197 639 1853 2699 3127 3975 9 -1224 -1223 -1045 -513 834 1495 1752 1896 3364 9 -1223 -1217 125 620 698 1034 1108 1118 1436 7 -1217 -1216 -119 369 1381 2160 2605 7 -1216 -1209 -890 -165 -97 160 3432 5 -1209 -1200 -241 501 2208 9 -1200 -1199 -1151 -965 -352 220 1537 1855 2637 6 -1199 -1195 -566 -136 2163 3533 6 -1195 -1188 1304 1627 2260 3729 9 -1188 -1187 -216 -103 198 396 840 2053 3254 9 -1187 -1182 -1052 -679 -400 617 795 1518 2285 9 -1182 -1181 -1070 751 928 1324 1961 2543 2791 5 -1181 -1179 -137 -40 1252 8 -1179 -1173 -243 397 1453 2196 2491 2595 12 -1173 -1172 -1169 -1080 -1072 -933 -741 1442 1682 2483 3253 3258 7 -1172 -1170 1600 2454 2550 2809 3216 9 -1170 -1169 -668 -452 -391 399 781 1496 3149 9 -1169 -1162 -800 -707 -416 57 1253 2885 3014 7 -1162 -1161 -555 850 2463 2536 2940 6 -1161 -1160 134 196 533 1144 4 -1160 -1158 320 2399 9 -1158 -1151 -1089 -946 -730 -708 -411 3186 3674 7 -1151 -1148 -779 2403 3564 3725 3782 8 -1148 -1147 -1031 134 142 1104 1323 2938 7 -1147 -1146 -497 -435 -288 124 1662 10 -1146 -1145 -435 530 1295 2093 2488 2798 3591 3957 4 -1145 -1144 2059 3238 9 -1144 -1143 -719 31 768 1028 2978 3106 3801 4 -1143 -1133 -609 834 10 -1133 -1129 -179 -38 265 1754 1801 2201 3080 3625 5 -1129 -1127 -691 -132 1608 5 -1127 -1123 -592 671 3754 8 -1123 -1122 -779 -728 633 651 1633 3347 9 -1122 -1121 -397 -210 667 2073 2266 2966 3796 9 -1121 -1119 -1119 -68 96 281 2410 2989 3023 4 -1119 -1117 -288 1560 5 -1117 -1114 790 1638 2736 6 -1114 -1110 -66 733 1488 2428 12 -1110 -1106 -707 318 343 789 1099 2199 2352 2577 2675 2769 9 -1106 -1103 -869 145 1398 1968 2493 2824 3451 8 -1103 -1100 926 1730 2366 2676 2752 3415 8 -1100 -1097 271 681 845 1375 2628 3614 12 -1097 -1096 -351 -313 415 780 1968 2231 2765 2851 3630 3912 8 -1096 -1093 -879 1588 1804 2293 2817 3279 5 -1093 -1090 1085 1454 2234 7 -1090 -1089 -527 48 2750 3383 3633 7 -1089 -1088 -313 1447 1805 2407 2665 10 -1088 -1086 405 1364 1474 1875 2192 2209 3313 3516 6 -1086 -1085 -451 905 2073 3235 8 -1085 -1082 -263 -57 1133 1836 2859 3451 9 -1082 -1081 -1072 -642 -463 708 1703 2737 2850 6 -1081 -1080 558 1269 1948 2936 6 -1080 -1077 -555 331 382 1031 7 -1077 -1076 1030 2393 3736 3903 3930 8 -1076 -1073 -890 -506 366 1239 3457 3865 6 -1073 -1072 1819 2935 3612 3938 8 -1072 -1070 790 793 1196 2298 3564 3872 9 -1070 -1068 -890 -868 -470 24 198 2893 3253 8 -1068 -1067 -545 -303 -243 466 1869 2966 5 -1067 -1063 -289 -114 2213 11 -1063 -1059 -594 -449 383 520 836 1983 2513 2638 3089 6 -1059 -1052 145 915 1158 3960 9 -1052 -1049 -147 890 1359 1384 2196 2845 3120 5 -1049 -1047 1685 1728 3825 7 -1047 -1045 -994 -551 -514 -495 3920 8 -1045 -1043 91 469 537 739 1042 3938 11 -1043 -1042 -923 -607 399 775 891 1321 1392 2129 2799 7 -1042 -1041 -1031 -597 1196 1320 2217 7 -1041 -1037 793 1210 3137 3630 3976 3 -1037 -1031 562 4 -1031 -1030 1983 3590 6 -1030 -1029 -588 -445 145 3454 9 -1029 -1021 -990 -175 591 728 1355 2314 3468 4 -1021 -1012 -156 1342 11 -1012 -1009 -803 1016 1580 1959 2623 2783 2966 3276 3480 6 -1009 -1008 259 533 2054 3637 7 -1008 -999 -825 -668 -271 258 2454 6 -999 -994 -136 14 1112 3378 8 -994 -990 -243 -174 20 53 1638 2850 4 -990 -988 1290 1838 5 -988 -986 -84 3106 3711 5 -986 -985 231 2488 3844 6 -985 -981 197 669 669 1718 9 -981 -980 -383 196 2536 2553 2895 3614 3865 7 -980 -975 -917 -797 366 385 1117 6 -975 -974 -635 -495 1804 3872 8 -974 -968 174 929 2179 2220 2413 3912 9 -968 -965 -679 623 734 1094 2376 2379 3347 5 -965 -963 337 710 3951 7 -963 -948 -337 899 2217 3654 3935 6 -948 -946 189 374 1258 2926 14 -946 -944 -846 -329 745 947 1394 1472 1731 2112 2614 2959 3222 3319 6 -944 -936 737 3089 3733 3976 10 -936 -935 -552 -228 491 795 926 1591 2305 3468 7 -935 -933 -573 39 1394 2601 3875 11 -933 -930 -121 -14 198 400 1327 2092 2614 3347 3661 6 -930 -923 -843 -657 1518 2377 7 -923 -920 -119 10 840 1461 2004 8 -920 -919 48 606 1308 1501 2765 3668 4 -919 -918 -657 2599 8 -918 -917 1042 1439 1468 2598 2820 3256 6 -917 -915 -907 362 2141 3957 8 -915 -911 -643 2694 3323 3378 3969 3976 8 -911 -907 -636 743 1398 2232 3455 3929 8 -907 -905 1970 2073 2383 2799 3006 3180 9 -905 -898 -397 -375 31 80 669 1153 3754 5 -898 -892 -779 -384 -103 11 -892 -890 -455 -390 398 708 1875 2015 3151 3216 3462 6 -890 -879 -351 1355 1423 3086 3 -879 -878 1869 7 -878 -872 -719 173 1305 2736 2952 4 -872 -871 1439 2488 5 -871 -869 30 343 3076 7 -869 -868 467 1045 1777 3055 3517 7 -868 -867 416 1358 2105 3250 3801 6 -867 -860 447 1127 1723 3432 5 -860 -858 -486 -315 -103 5 -858 -856 -419 2208 3008 5 -856 -851 1392 1398 2630 11 -851 -846 -734 -421 -405 -12 1512 1695 2891 2929 3661 6 -846 -843 761 934 1381 1662 9 -843 -842 -728 -228 671 1142 1895 2367 2694 5 -842 -840 515 2761 3685 10 -840 -825 -432 -214 811 1016 1684 2632 3018 3589 6 -825 -824 1806 2004 2219 3193 10 -824 -823 -774 -397 -168 1753 1869 2266 2742 3305 9 -823 -822 12 423 462 523 1719 3225 3362 4 -822 -817 669 2217 9 -817 -806 -455 -271 -263 306 1731 3494 3929 2 -806 -803 3 -803 -801 710 8 -801 -800 467 1063 2263 2285 2531 2582 10 -800 -797 -597 1300 1496 1598 2219 2595 2878 3153 10 -797 -795 -632 -330 123 1239 2041 2209 2929 2935 9 -795 -792 -711 251 343 973 1118 1210 1516 8 -792 -784 905 2116 2261 2366 3136 3489 7 -784 -783 8 811 2501 2752 3577 10 -783 -781 -242 978 978 1150 1265 1779 3328 3967 6 -781 -779 1133 1814 2809 3725 5 -779 -777 1029 1801 2152 8 -777 -774 -352 968 2582 2724 2940 3616 6 -774 -770 337 1502 2232 2659 9 -770 -767 216 1679 1781 2047 2480 2903 3531 5 -767 -764 -426 -51 3320 3 -764 -763 639 7 -763 -762 451 603 1557 1598 2579 6 -762 -753 -426 723 1258 3866 5 -753 -751 887 1605 3015 5 -751 -742 669 1820 2771 7 -742 -741 -569 745 1118 1450 1731 8 -741 -734 281 790 1447 1631 2849 2926 9 -734 -733 1144 1594 1827 2377 3143 3313 3487 6 -733 -730 -497 0 1305 3736 4 -730 -728 2737 3347 7 -728 -727 -505 -86 1496 2550 3825 6 -727 -726 -266 1290 1719 1972 7 -726 -719 889 979 1279 1718 1853 7 -719 -712 -444 672 1158 2112 2736 3 -712 -711 2513 11 -711 -708 -503 -339 -84 962 1890 2786 3515 3865 3943 8 -708 -707 -212 -109 306 1723 2366 3225 6 -707 -706 610 1558 2087 2105 3 -706 -705 1323 4 -705 -704 1818 2445 5 -704 -693 410 1257 2613 6 -693 -691 -179 1144 2012 2947 9 -691 -683 39 380 971 2008 2100 2178 3008 7 -683 -679 1037 1631 2093 2859 3313 6 -679 -678 587 919 1878 2012 6 -678 -670 145 767 1097 1928 9 -670 -668 -109 1045 1568 3254 3597 3797 3967 2 -668 -665 7 -665 -657 -639 -200 1358 2359 3668 4 -657 -655 -494 979 7 -655 -652 -502 -99 633 1045 2445 6 -652 -647 1054 1123 3272 3773 5 -647 -643 587 1133 3114 7 -643 -642 1099 1904 2696 3637 3827 4 -642 -639 3045 3869 9 -639 -637 306 903 998 1566 2012 2046 3045 4 -637 -636 93 1806 8 -636 -635 -464 979 2251 2286 3836 3912 8 -635 -632 -451 -147 901 1042 1251 3218 7 -632 -630 196 320 1627 2187 3685 11 -630 -627 40 717 840 1181 1716 1924 3008 3218 3531 6 -627 -623 1478 1506 1599 2187 4 -623 -621 973 1150 6 -621 -617 2534 3329 3455 3930 10 -617 -616 -552 -369 1616 2587 2636 2716 2736 3630 8 -616 -610 -557 415 421 1336 2694 2872 6 -610 -609 -597 1801 2008 3959 7 -609 -608 625 1824 2359 2671 3534 7 -608 -607 607 2864 3045 3253 3725 5 -607 -605 113 1139 3949 3 -605 -603 2520 6 -603 -599 1031 1103 1503 2196 4 -599 -597 -533 1781 7 -597 -595 57 1358 3008 3577 3827 4 -595 -594 24 3147 6 -594 -592 1103 1193 1899 3748 5 -592 -588 -181 124 2962 7 -588 -584 295 1807 2100 3279 3979 8 -584 -581 1042 2000 2105 2196 3911 3979 11 -581 -573 -391 34 501 999 1283 2821 3253 3392 3633 8 -573 -569 897 1118 2483 2601 3422 3949 7 -569 -567 675 1595 1679 1684 2073 7 -567 -566 -51 196 1467 1682 2522 4 -566 -561 -254 3076 9 -561 -560 -489 -228 231 704 2819 2872 3103 5 -560 -557 -154 1599 1947 4 -557 -556 2979 3936 12 -556 -555 -236 -38 343 717 1120 1478 1818 1980 3198 3361 9 -555 -553 -231 406 1304 1312 1375 3347 3699 8 -553 -552 -212 1824 2366 2909 3654 3880 12 -552 -551 589 2060 2227 2377 2454 2699 2850 2878 2895 2966 5 -551 -548 -371 -271 3938 4 -548 -545 121 1938 4 -545 -541 2012 2160 5 -541 -537 704 864 1094 4 -537 -535 813 884 6 -535 -533 -100 543 3420 3808 6 -533 -527 -141 -109 1471 3773 7 -527 -517 417 620 745 1945 3210 3 -517 -516 2765 5 -516 -514 -79 1258 2173 6 -514 -513 1079 2314 3076 3319 9 -513 -510 -400 397 811 1016 2093 2314 2670 4 -510 -506 748 1683 5 -506 -505 115 1356 1605 5 -505 -503 -476 2041 3457 6 -503 -502 1753 2220 2752 3808 6 -502 -499 258 919 1139 2716 5 -499 -497 734 1494 2093 5 -497 -495 -135 122 2298 4 -495 -494 1357 1501 7 -494 -492 -23 1012 1572 2087 3256 7 -492 -489 -269 1110 1827 1904 3533 6 -489 -487 -181 523 654 3476 7 -487 -486 -166 789 2269 2858 3226 8 -486 -481 136 1534 1961 2281 2610 3938 4 -481 -476 1472 2000 5 -476 -470 960 1075 2742 14 -470 -464 -79 980 1094 1461 1495 1594 1651 1756 1820 2188 2926 2966 7 -464 -463 -55 1869 2633 2893 3651 6 -463 -461 -406 1113 2819 3451 6 -461 -455 -132 366 385 2559 6 -455 -453 120 971 1279 1506 3 -453 -452 1853 4 -452 -451 1824 2289 6 -451 -450 -11 1320 2428 2716 10 -450 -449 293 714 1133 1381 1518 2759 3305 3813 6 -449 -445 -303 8 2281 2787 8 -445 -444 -86 705 2092 2384 2783 2935 6 -444 -443 267 1012 2480 3936 4 -443 -441 -60 780 7 -441 -438 443 1154 2088 2716 3045 3 -438 -437 3266 9 -437 -435 -135 767 1649 1777 1995 2783 3009 6 -435 -432 902 2152 2637 2809 5 -432 -430 -97 1976 3729 5 -430 -429 790 2201 2850 5 -429 -426 1335 1826 3297 4 -426 -422 44 502 7 -422 -421 203 1645 2379 2725 3458 4 -421 -420 2100 3633 6 -420 -419 1496 1652 2046 3077 7 -419 -417 395 501 978 1269 1335 7 -417 -416 -34 767 897 1006 1154 4 -416 -415 1899 3991 6 -415 -411 761 2112 2314 3589 7 -411 -406 671 1083 2760 3107 3992 8 -406 -405 137 1472 2201 2670 2694 2890 4 -405 -404 1028 3378 11 -404 -400 -356 808 1652 1806 2187 2605 2636 2675 3329 9 -400 -397 -44 1447 1616 1716 1719 2615 2781 6 -397 -391 383 636 3034 3633 3 -391 -390 198 6 -390 -386 659 2059 3096 3935 9 -386 -384 -141 646 1290 1923 2440 2885 3925 6 -384 -383 8 1099 2755 3891 5 -383 -380 413 1716 2275 7 -380 -379 536 552 1269 2278 3564 7 -379 -378 716 1138 2000 3401 3846 7 -378 -376 447 1133 2870 3014 3133 7 -376 -375 -281 -44 1727 2179 3185 7 -375 -371 -165 1645 2952 3430 3925 6 -371 -370 -167 1537 1779 2178 5 -370 -369 635 972 1563 7 -369 -365 343 2196 2431 2978 3150 6 -365 -360 -124 1200 2799 3925 5 -360 -356 1474 2694 3008 3 -356 -352 468 3 -352 -351 1690 5 -351 -348 2088 3113 3955 7 -348 -346 -236 1956 1967 2352 3589 7 -346 -344 -137 40 198 198 238 8 -344 -342 1224 1683 1756 3243 3585 3904 7 -342 -339 486 1600 2799 3774 3944 6 -339 -337 -278 -246 488 2739 8 -337 -336 120 2141 2760 2940 3549 3610 5 -336 -335 671 1627 3400 7 -335 -330 330 2906 2906 3254 3859 6 -330 -329 1304 1879 2041 3796 8 -329 -323 343 717 1324 1703 3006 3866 3 -323 -319 3495 6 -319 -316 416 1031 1311 2726 10 -316 -315 -268 -185 98 1135 2325 2501 2628 2814 9 -315 -313 195 216 295 576 1915 2632 3158 6 -313 -310 431 1236 1518 3728 7 -310 -308 -255 172 675 2263 3661 9 -308 -305 -296 -38 1045 1113 1718 3003 3254 5 -305 -303 400 1945 2891 7 -303 -296 1034 1160 1576 1703 3113 11 -296 -290 721 1553 1682 2493 2765 3331 3392 3454 3491 7 -290 -289 -181 620 875 3158 3261 4 -289 -288 1103 1424 6 -288 -281 80 588 3733 3787 4 -281 -280 165 1300 7 -280 -278 851 1312 1572 2708 3786 6 -278 -277 520 1651 3064 3226 8 -277 -271 -141 -139 1572 2143 2363 3360 4 -271 -269 1435 3063 7 -269 -268 160 557 2061 3243 3323 6 -268 -266 877 1322 2676 2821 5 -266 -265 -57 1753 3525 7 -265 -263 -200 917 1399 3452 3526 5 -263 -257 123 1112 1359 4 -257 -255 1639 2890 5 -255 -254 708 887 1899 4 -254 -251 3421 3859 4 -251 -246 2856 3979 4 -246 -243 502 2407 5 -243 -242 1308 1466 2093 5 -242 -241 1030 1814 3228 5 -241 -240 -154 633 3992 5 -240 -239 381 1151 3866 3 -239 -236 1983 3 -236 -231 2857 7 -231 -229 34 330 397 2413 3149 9 -229 -228 1085 1158 1494 2004 3245 3722 3900 4 -228 -225 139 2031 6 -225 -224 366 633 1300 2771 4 -224 -221 1364 1734 6 -221 -218 475 723 962 1923 5 -218 -216 710 840 2261 6 -216 -214 1175 2666 3836 3891 8 -214 -212 891 1454 1518 2849 3009 3386 5 -212 -210 2217 3226 3276 5 -210 -202 1075 2766 2781 7 -202 -200 -23 537 2500 2787 3222 10 -200 -199 137 320 617 1896 2178 2585 2929 3420 5 -199 -198 600 771 1961 6 -198 -195 2108 2630 2984 3786 4 -195 -189 1575 3127 5 -189 -186 -34 2387 2725 5 -186 -185 117 635 851 7 -185 -184 -132 1679 1842 2797 3630 6 -184 -182 1012 1645 2809 3328 6 -182 -181 739 2845 3813 3865 6 -181 -179 1231 1496 2725 3661 11 -179 -175 143 295 617 739 790 1399 2405 2550 2582 7 -175 -174 919 1117 1280 1387 1627 8 -174 -173 1151 1928 1946 2736 3034 3220 5 -173 -171 122 710 1029 5 -171 -168 -50 1224 2630 5 -168 -167 44 669 924 3 -167 -166 1854 7 -166 -165 48 1425 2702 3157 3577 5 -165 -156 1471 1826 2141 6 -156 -154 720 926 979 1375 3 -154 -149 1560 10 -149 -148 -55 889 1039 1181 1471 1734 3319 3722 3 -148 -147 2093 8 -147 -143 1133 2199 2231 2559 3297 3323 7 -143 -141 293 467 1030 2152 2958 3 -141 -139 2726 7 -139 -137 -106 789 1502 3450 3591 6 -137 -136 231 1006 1926 3092 5 -136 -135 1534 1814 2188 7 -135 -132 416 924 1467 2656 3736 5 -132 -130 1581 1826 2121 8 -130 -129 708 1387 1836 1977 2389 3151 4 -129 -128 295 2503 7 -128 -124 1862 2357 2665 3136 3699 5 -124 -122 52 805 2061 6 -122 -121 576 1335 1419 3323 6 -121 -119 -79 1471 1995 2475 8 -119 -114 451 1079 1729 2637 2696 3480 4 -114 -109 978 3491 2 -109 -106 9 -106 -103 897 985 2791 3238 3335 3510 3654 8 -103 -102 189 554 1443 2775 2930 3045 8 -102 -100 39 272 917 981 2895 3180 9 -100 -99 588 675 805 3157 3319 3419 3421 6 -99 -97 460 968 1384 1874 5 -97 -87 659 1525 3076 5 -87 -86 -64 470 3515 4 -86 -84 1419 1727 7 -84 -83 901 962 1854 2266 2300 4 -83 -79 1626 2384 3 -79 -78 3917 5 -78 -68 1650 2575 3685 9 -68 -66 -56 1112 1227 1518 2710 2965 3377 6 -66 -64 -14 625 1295 1731 4 -64 -62 2579 2614 4 -62 -60 1110 3733 6 -60 -58 571 2216 2988 3063 5 -58 -57 504 2706 3358 4 -57 -56 2807 3153 9 -56 -55 231 245 270 669 2385 2858 3585 5 -55 -53 2263 2905 3331 5 -53 -51 739 3788 3944 4 -51 -50 2750 3900 5 -50 -49 2232 3014 3299 6 -49 -44 625 967 1467 1951 3 -44 -40 1303 7 -40 -38 663 788 1690 2776 3955 5 -38 -34 536 2359 3193 2 -34 -32 7 -32 -23 308 1616 2059 2201 2850 5 -23 -21 710 1503 1561 7 -21 -14 308 1305 1593 2524 2742 7 -14 -12 443 775 2261 2533 3591 3 -12 -11 1563 5 -11 -3 1385 2318 3516 5 -3 -1 3258 3455 3748 7 -1 0 617 968 1720 2357 3276 4 0 4 1594 3348 8 4 8 86 245 651 971 1037 1961 5 8 9 2359 3014 3127 7 9 10 271 502 554 1447 1656 2 10 12 11 12 14 1435 1568 2308 2387 2539 2575 3034 3365 3967 4 14 20 2012 2055 7 20 22 197 1819 2046 2209 2975 6 22 24 526 2046 3654 3754 9 24 30 822 1616 1777 1879 1923 2363 3103 6 30 31 1223 2363 2935 3517 3 31 33 1468 5 33 34 521 1716 2298 7 34 36 272 979 1690 1789 2553 4 36 39 2885 2952 6 39 40 270 1193 1766 2216 4 40 43 1807 1980 7 43 44 377 819 3444 3495 3686 5 44 48 735 744 3462 10 48 52 1283 1754 1905 3000 3590 3668 3904 3976 8 52 53 415 953 1112 1120 2046 3580 5 53 57 2314 2598 2821 5 57 80 183 3308 3534 8 80 86 661 831 1158 2213 2376 3686 8 86 91 1159 1272 1321 1518 2094 3364 7 91 93 121 1323 1355 1703 2393 7 93 95 1123 1439 1708 2384 2675 6 95 96 343 891 1959 3917 5 96 98 474 2216 3564 4 98 110 1818 3076 6 110 113 588 1129 2962 3229 6 113 114 120 1031 2475 3244 6 114 115 1495 2227 2531 2821 7 115 117 1029 1937 2216 2234 2522 3 117 120 409 3 120 121 1094 6 121 122 415 1439 3392 3873 6 122 123 204 362 728 1584 6 123 124 554 2553 3080 3457 6 124 125 681 1028 1320 1879 8 125 134 515 790 2936 2965 3092 3754 8 134 136 160 1151 1342 2256 2298 3494 9 136 137 443 831 1915 2008 2251 2785 3347 8 137 139 139 716 1030 3164 3261 3729 5 139 142 1496 1561 3407 6 142 143 1251 2111 3023 3329 5 143 144 1517 3386 3431 8 144 145 947 1453 2977 3261 3276 3935 5 145 152 714 3775 3786 6 152 160 947 1972 1995 3361 5 160 162 536 2533 3543 6 162 163 829 1441 1977 2047 3 163 165 1269 5 165 171 419 2325 3827 3 171 172 2797 4 172 173 983 1359 3 173 174 341 4 174 175 662 1466 5 175 177 1159 2342 2687 4 177 183 2724 3589 4 183 184 2128 3456 5 184 186 1890 2042 2559 8 186 187 1249 1358 1575 2188 3935 3973 5 187 189 366 980 1502 2 189 190 5 190 192 661 2819 2926 7 192 195 967 1472 2840 3580 3866 4 195 196 1169 2676 6 196 197 1321 2637 2708 3313 5 197 198 2445 2582 3796 5 198 202 1450 1680 3045 5 202 203 1471 2390 2936 7 203 204 258 558 2739 3120 3518 7 204 211 953 2105 2141 2702 3813 3 211 216 1336 8 216 216 220 251 1424 1829 2736 3113 7 220 221 717 1217 2128 2622 2947 7 221 231 405 1501 1814 1956 2201 6 231 238 663 1503 2687 3774 4 238 244 761 2004 3 244 245 2601 7 245 249 1151 1616 2820 3003 3510 8 249 251 383 1038 1357 2407 3297 3564 11 251 258 728 1300 1439 1605 2187 2517 3089 3715 3813 5 258 259 996 1466 3329 4 259 260 2797 3313 8 260 261 979 1036 1555 1709 1967 2858 7 261 262 1464 1478 1685 3431 3560 9 262 265 635 780 1384 1693 3244 3358 3920 6 265 267 1276 2882 3216 3394 8 267 270 1158 1392 2393 2445 2872 3881 7 270 271 962 1323 1731 2582 3957 7 271 272 872 998 2440 2522 3935 6 272 281 639 2493 2909 3881 7 281 293 515 1013 1851 2251 3938 5 293 295 396 1158 3847 4 295 298 600 3969 3 298 303 2519 6 303 306 543 1451 3527 3976 5 306 308 962 978 1016 8 308 310 924 1915 2055 2163 2260 3728 3 310 318 2637 5 318 320 1042 2905 3609 6 320 330 708 1754 1869 3323 9 330 331 891 1474 1507 1895 3147 3706 3939 5 331 337 1703 1938 2739 6 337 341 876 2431 3153 3360 7 341 343 698 1236 2179 3487 3609 2 343 359 8 359 362 385 1019 1384 2141 3928 3972 5 362 365 2111 2560 3531 7 365 366 866 1485 1592 3257 3715 5 366 369 1639 2798 3967 7 369 374 1915 2304 3279 3415 3560 3 374 377 3564 7 377 380 425 1591 2188 2708 3319 6 380 381 501 1596 2004 2312 2 381 382 6 382 383 1575 2431 2785 2786 4 383 385 671 3816 5 385 395 1394 3219 3257 6 395 396 431 1112 1748 2821 3 396 397 1471 6 397 398 400 2061 2327 3773 4 398 399 3344 3782 5 399 400 2984 3430 3517 7 400 405 553 2638 2961 3305 3651 7 405 406 470 636 1142 1502 3684 4 406 409 1631 3114 6 409 410 924 1322 2534 2656 6 410 413 960 1869 2727 2878 6 413 414 431 2129 3147 3589 5 414 415 739 1416 3279 9 415 416 530 2121 2216 2491 2598 2756 3258 5 416 417 1708 2256 3377 5 417 419 711 1442 1474 3 419 421 2194 5 421 423 1429 3430 3651 9 423 425 581 889 1381 1588 1754 1847 2762 4 425 430 1842 3358 6 430 431 526 1028 2285 2539 7 431 438 521 2000 2155 2366 2988 8 438 443 462 556 2128 2173 2263 3844 2 443 447 8 447 451 680 1599 2015 3226 3301 3462 3 451 460 533 7 460 462 733 3042 3185 3307 3865 6 462 466 675 1235 2553 2910 5 466 467 1159 2943 3743 2 467 468 6 468 469 1631 1947 2962 3715 6 469 470 1385 1561 2513 3272 6 470 474 1355 1836 2041 2278 6 474 475 714 789 1924 2046 4 475 486 2613 2962 6 486 488 1227 2475 2890 3699 3 488 489 2266 4 489 491 2483 2961 4 491 498 850 1203 6 498 501 1118 2030 2522 3120 4 501 502 1558 3328 5 502 504 875 1656 2994 4 504 508 985 3305 4 508 515 1312 3451 6 515 517 1545 3422 3686 3859 5 517 520 687 1748 3230 5 520 521 659 971 1860 3 521 523 3654 10 523 525 536 663 721 1034 1240 1398 2536 3307 5 525 526 3487 3597 3967 10 526 530 591 603 968 2286 2376 2759 3651 3846 3 530 533 1723 4 533 536 2696 3103 5 536 537 1826 2978 3711 6 537 542 1967 3299 3370 3873 5 542 543 1682 3361 3627 5 543 552 744 2726 2930 3 552 553 3347 5 553 554 623 656 3096 4 554 556 3106 3261 6 556 557 1734 1983 2384 3901 5 557 558 1085 1594 2158 6 558 561 1194 2289 3561 3790 7 561 562 1144 2055 2213 3630 3879 4 562 571 1942 3957 6 571 576 822 1781 2266 3076 5 576 581 1336 1560 1804 4 581 587 3034 3362 7 587 588 620 1158 1394 2143 2272 7 588 589 663 1355 1399 3120 3394 6 589 591 1075 1709 2766 3911 6 591 593 2491 2845 2924 3476 6 593 600 1342 1814 2187 2775 4 600 602 2445 3939 2 602 603 3 603 606 2999 6 606 607 1019 2263 2493 3096 5 607 610 889 2219 2585 5 610 615 1558 1719 3245 5 615 617 1454 2913 2965 3 617 618 2952 4 618 620 770 2121 4 620 623 1177 1679 6 623 625 1895 1938 2798 3869 3 625 630 2533 6 630 633 1501 1566 1995 2523 5 633 635 2201 2903 3034 4 635 636 1718 2824 8 636 639 698 1118 1435 1827 2160 2630 7 639 646 1223 1474 2240 2428 3279 4 646 651 1031 3185 12 651 654 1501 1804 2061 2405 2577 2759 2776 2820 3301 3536 6 654 656 1799 1854 2981 3900 4 656 657 1358 2606 7 657 659 2359 2612 2798 2940 3456 4 659 661 1127 2670 10 661 662 1276 1779 2162 2787 3722 3925 3930 3973 4 662 663 836 2198 7 663 667 2227 2759 2981 3378 3706 5 667 669 831 2742 3857 6 669 671 2298 2849 3107 3120 3 671 672 1720 6 672 675 733 1467 2524 3254 7 675 679 2857 2933 3674 3710 3920 3 679 680 767 5 680 681 2836 2879 3394 7 681 683 2059 2492 3173 3527 3754 6 683 687 950 2359 2786 3786 5 687 698 1720 2105 2209 10 698 704 748 1144 1290 1355 1946 2798 2819 3401 5 704 705 1057 1748 3151 5 705 708 897 2015 2765 5 708 710 1518 1842 2342 5 710 711 1929 3292 3917 6 711 714 819 967 2379 3896 3 714 716 3866 3 716 717 1878 8 717 720 1355 1468 2298 2387 3458 3651 6 720 721 2575 2622 3257 3323 7 721 723 768 1690 2676 3243 3622 5 723 728 2184 2199 3898 5 728 733 884 1224 2857 7 733 734 1398 1442 1804 2696 3407 5 734 735 2492 3350 3774 8 735 737 1118 1133 1682 3089 3442 3710 5 737 738 1227 3400 3842 4 738 739 1103 3869 5 739 743 1910 3454 3729 6 743 744 834 1265 1915 2760 6 744 745 867 973 1616 3424 5 745 748 1423 1471 1649 4 748 750 1720 1979 8 750 751 1842 2114 2781 3533 3590 3908 6 751 761 2073 2428 3008 3331 3 761 767 1595 4 767 768 1236 2759 5 768 770 2978 3261 3352 4 770 771 1899 3494 3 771 775 2767 3 775 778 1563 8 778 780 1890 2015 2129 2786 2922 3534 5 780 781 1938 2192 3076 4 781 786 851 2121 2 786 788 4 788 789 2121 3597 5 789 790 1968 2008 2310 3 790 791 934 4 791 793 2864 3218 4 793 795 2961 3585 7 795 804 1108 2092 2612 3104 3775 6 804 805 877 1158 2679 3775 4 805 808 1036 2762 5 808 811 999 2228 3329 4 811 813 2093 2317 6 813 819 2965 3120 3320 3360 7 819 822 1057 1690 1756 3362 3560 7 822 829 1890 2046 3149 3476 3846 5 829 831 1568 2094 3925 5 831 834 1682 2766 3147 4 834 836 1478 3616 4 836 840 2087 3392 4 840 845 2797 3011 9 845 846 962 2289 2550 2716 3226 3748 3871 7 846 850 2318 2492 2543 3034 3276 5 850 851 2922 3084 3869 9 851 864 979 1429 1851 2000 2220 3686 3866 6 864 865 1129 1777 3077 3229 4 865 866 2119 2595 9 866 867 897 1139 1874 1948 2742 3185 3226 4 867 871 2776 3084 5 871 872 1593 2702 2922 4 872 875 1596 3561 9 875 876 1048 1083 1196 2234 2275 3123 3487 4 876 877 897 1227 5 877 884 884 891 2952 5 884 887 1034 1679 3871 2 887 889 5 889 890 1639 2178 3929 3 890 891 2384 6 891 897 905 2882 3577 3775 6 897 899 1125 1629 1938 3684 5 899 901 978 1355 1807 8 901 902 1196 1249 1645 2534 2579 2708 4 902 903 1471 2859 2 903 905 9 905 915 1280 1708 1854 1968 2012 2524 3728 6 915 917 2769 2799 3733 3846 6 917 919 2263 2940 3198 3307 4 919 924 3235 3684 4 924 926 1467 1581 4 926 928 2410 2872 4 928 929 2285 3736 7 929 934 1748 1766 3230 3401 3406 7 934 946 983 1467 2470 3517 3585 4 946 947 1566 3495 3 947 950 1818 4 950 953 2761 3008 7 953 960 1300 1311 2675 2882 3456 8 960 962 1359 1429 1806 1829 3170 3525 6 962 967 998 1581 2989 3866 4 967 968 1431 3917 2 968 971 6 971 972 1423 3222 3301 3364 5 972 973 1662 2989 3614 5 973 978 1151 2198 3014 3 978 979 1153 4 979 980 1537 2263 8 980 981 1253 1525 1679 2269 3401 3557 5 981 983 999 1398 3527 4 983 985 1384 1495 3 985 996 2266 6 996 998 1042 1441 3510 3531 4 998 999 1210 1915 4 999 1006 3096 3370 2 1006 1007 3 1007 1012 3836 3 1012 1013 3086 10 1013 1016 1819 2047 2359 2725 2900 3235 3808 3828 7 1016 1019 1335 1855 2304 3370 3694 6 1019 1028 1464 2922 3216 3224 5 1028 1029 1753 2179 2785 5 1029 1030 2312 3684 3685 4 1030 1031 1862 3055 7 1031 1034 1120 1584 2463 3531 3991 4 1034 1036 1085 2978 3 1036 1037 3422 4 1037 1038 3370 3597 5 1038 1039 1112 1328 3836 4 1039 1042 1561 3421 3 1042 1045 3222 6 1045 1048 1454 2179 2376 3560 3 1048 1054 1240 4 1054 1057 2598 3151 4 1057 1063 1063 1399 4 1063 1073 2121 3518 3 1073 1075 2473 3 1075 1079 1108 6 1079 1082 1118 1829 2143 2666 5 1082 1083 1910 2286 3827 4 1083 1085 1680 2261 4 1085 1094 1387 2129 3 1094 1097 1662 4 1097 1099 1725 3622 6 1099 1103 1566 1633 2775 3106 7 1103 1104 1181 1304 1471 2198 2410 3 1104 1108 1633 5 1108 1110 2615 3450 3515 3 1110 1112 1451 4 1112 1113 1468 3912 4 1113 1117 1824 3432 5 1117 1118 1703 2676 3378 8 1118 1120 1253 2335 2893 2999 3364 3487 7 1120 1123 1725 2859 2893 3157 3729 3 1123 1125 1959 7 1125 1127 1231 1558 1728 2771 2940 8 1127 1129 1133 1517 2560 2756 3092 3480 5 1129 1132 3158 3313 3903 8 1132 1133 1240 1430 1534 2385 3468 3939 6 1133 1135 1150 2480 2994 3698 4 1135 1137 1355 2786 2 1137 1138 3 1138 1139 3136 4 1139 1142 2714 3015 3 1142 1144 3637 5 1144 1150 2585 3842 3955 7 1150 1151 3218 3328 3335 3534 3816 3 1151 1152 3728 6 1152 1153 1946 2760 3560 3561 3 1153 1154 2598 5 1154 1158 1236 1905 3898 3 1158 1159 1224 3 1159 1160 1600 6 1160 1166 1231 1231 1295 2289 9 1166 1169 1174 1501 2312 2357 2413 3133 3903 5 1169 1174 1684 2445 3245 8 1174 1174 1175 1956 2357 3222 3510 3633 4 1175 1177 1639 2882 3 1177 1181 1723 3 1181 1193 3825 3 1193 1194 2965 4 1194 1195 3305 3386 7 1195 1196 1324 1855 2208 2628 3245 3 1196 1200 2308 10 1200 1201 1258 1265 1720 2440 2769 2859 3218 3272 6 1201 1203 2825 3064 3444 3451 3 1203 1210 2989 2 1210 1213 5 1213 1217 1561 1566 2913 5 1217 1223 1578 2948 3328 2 1223 1224 3 1224 1227 2480 4 1227 1231 2335 2676 5 1231 1235 1970 2146 2281 4 1235 1236 2628 2791 7 1236 1239 1805 1873 2699 2924 3420 3 1239 1240 3006 4 1240 1249 1879 2119 5 1249 1251 1638 2199 3063 4 1251 1252 2093 2384 5 1252 1253 1755 2073 3352 5 1253 1257 2289 3023 3935 4 1257 1258 1311 1934 6 1258 1265 1980 3044 3534 3972 3 1265 1269 2173 5 1269 1272 3801 3808 3869 4 1272 1274 2762 3186 7 1274 1276 1929 2357 2473 2488 3224 3 1276 1279 3827 6 1279 1280 1725 2480 2857 3480 3 1280 1283 3698 4 1283 1290 2412 3386 6 1290 1295 2820 3113 3386 3869 5 1295 1300 2042 2335 3938 4 1300 1303 1358 3301 5 1303 1304 1555 2742 2906 4 1304 1305 1320 2820 7 1305 1308 1322 1336 2994 3455 3616 2 1308 1311 3 1311 1312 2383 8 1312 1316 2300 3133 3134 3225 3891 3972 5 1316 1320 2540 3319 3364 6 1320 1321 1328 1425 1719 3055 5 1321 1322 2073 2366 3973 6 1322 1323 2488 2633 2832 3015 3 1323 1324 2595 2 1324 1327 2 1327 1328 3 1328 1335 2213 4 1335 1336 1627 3969 5 1336 1342 1382 2208 3487 4 1342 1355 2363 3151 2 1355 1356 5 1356 1357 1848 3257 3258 5 1357 1358 2926 3136 3873 6 1358 1359 1879 2087 2666 3879 3 1359 1364 3344 3 1364 1375 2771 3 1375 1381 2575 4 1381 1382 1553 3457 5 1382 1384 1783 2377 2536 6 1384 1385 2234 2389 3254 3879 4 1385 1387 1683 1777 2 1387 1392 4 1392 1394 3136 3637 2 1394 1397 6 1397 1398 1568 2251 2376 2598 5 1398 1399 1478 2143 3951 3 1399 1408 3235 2 1408 1416 5 1416 1419 1608 2114 3292 4 1419 1423 1578 2533 5 1423 1424 3186 3442 3939 6 1424 1425 1507 2055 2943 3725 3 1425 1429 3590 4 1429 1430 1766 3790 4 1430 1431 2116 2851 4 1431 1435 1598 3127 4 1435 1436 2943 3577 4 1436 1439 2332 2587 3 1439 1441 1461 4 1441 1442 2030 2523 4 1442 1443 2724 2895 6 1443 1447 2463 2870 3386 3827 3 1447 1450 3842 4 1450 1451 2845 2939 4 1451 1453 1938 2094 4 1453 1454 1904 3729 6 1454 1461 2821 3128 3797 3865 3 1461 1464 1879 6 1464 1466 2579 2864 3900 3957 5 1466 1467 2061 2087 3164 4 1467 1468 1874 3044 6 1468 1471 1600 1967 3113 3254 6 1471 1472 1690 2492 2939 3871 4 1472 1474 2930 3107 2 1474 1478 5 1478 1485 1752 2636 3299 4 1485 1488 1555 3775 5 1488 1494 1682 2317 3096 7 1494 1495 1558 2068 2549 2656 3329 4 1495 1496 2232 3113 3 1496 1501 3422 5 1501 1502 2108 2533 3871 5 1502 1503 3299 3651 3872 4 1503 1506 2108 3668 6 1506 1507 1807 2227 2820 2975 4 1507 1512 3585 3686 4 1512 1516 1946 2158 5 1516 1517 2251 3320 3879 6 1517 1518 1534 1716 2895 3090 5 1518 1525 1868 2977 2994 2 1525 1533 5 1533 1534 2575 3272 3736 4 1534 1537 1591 3516 5 1537 1545 1748 1854 3462 3 1545 1553 3936 4 1553 1555 1804 3383 4 1555 1557 2187 3810 3 1557 1558 1708 7 1558 1560 1575 1656 1814 2675 2929 6 1560 1561 1578 2093 3008 3959 6 1561 1562 2533 2840 3220 3699 6 1562 1563 1607 2000 2325 3301 6 1563 1566 1951 2710 3422 3422 3 1566 1568 1633 5 1568 1572 1766 2293 3106 6 1572 1575 1735 2332 2636 3898 4 1575 1576 2217 2610 4 1576 1578 3828 3943 4 1578 1580 2220 2227 4 1580 1581 2980 3536 2 1581 1584 6 1584 1588 2010 3230 3347 3432 5 1588 1591 3641 3872 3908 4 1591 1592 2213 3230 3 1592 1593 2155 6 1593 1594 1804 2679 2922 3754 4 1594 1595 2579 2909 3 1595 1596 3901 2 1596 1598 4 1598 1599 2766 3813 4 1599 1600 1607 2146 5 1600 1605 1729 2008 2702 5 1605 1607 1875 3313 3801 6 1607 1608 1652 2885 3605 3973 2 1608 1616 6 1616 1626 2492 2891 3549 3709 5 1626 1627 2656 2659 2775 8 1627 1629 1719 2053 2610 2725 2820 3951 4 1629 1631 1679 3006 2 1631 1633 3 1633 1638 2420 5 1638 1639 2286 2781 3869 5 1639 1645 2263 3900 3946 4 1645 1649 3000 3276 6 1649 1650 1720 2440 2630 3929 6 1650 1651 2513 3669 3872 3911 4 1651 1652 1709 2948 3 1652 1656 2187 4 1656 1662 2585 3561 3 1662 1679 2553 7 1679 1680 1928 2112 2814 2859 3080 4 1680 1682 2870 3476 4 1682 1683 2890 3170 4 1683 1684 2632 3625 6 1684 1685 1999 2198 2269 2760 4 1685 1690 3226 3796 4 1690 1693 2289 2389 4 1693 1695 1752 2245 6 1695 1696 2605 2756 3348 3920 4 1696 1703 2536 3330 5 1703 1708 1779 3313 3432 7 1708 1709 1718 1804 1895 2413 2817 7 1709 1716 1972 2385 2671 2988 3023 4 1716 1718 2549 3361 5 1718 1719 2628 3711 3976 2 1719 1720 4 1720 1723 1820 2952 3 1723 1725 2771 3 1725 1727 2094 2 1727 1728 4 1728 1729 2696 3323 4 1729 1730 3357 3601 4 1730 1731 2041 2979 7 1731 1734 1855 1999 2585 2989 3328 2 1734 1735 5 1735 1747 2513 2579 3698 2 1747 1748 2 1748 1752 3 1752 1753 3407 5 1753 1754 1869 3510 3788 4 1754 1755 2909 3872 5 1755 1756 2935 3625 3668 4 1756 1766 2384 3641 4 1766 1777 2615 2958 4 1777 1779 3967 3992 5 1779 1781 2100 2599 2725 4 1781 1783 2263 3457 5 1783 1789 1959 3228 3733 3 1789 1799 3468 3 1799 1801 2473 4 1801 1802 2208 3610 3 1802 1804 3491 4 1804 1805 2390 3153 5 1805 1806 2000 2431 3164 2 1806 1807 6 1807 1814 2431 2473 2736 2895 5 1814 1818 2041 2407 3974 5 1818 1819 1948 3055 3516 2 1819 1820 2 1820 1824 3 1824 1825 2143 2 1825 1826 4 1826 1827 2121 3797 4 1827 1829 3655 3754 6 1829 1836 2093 2623 2671 3335 4 1836 1838 2375 3150 4 1838 1842 2979 3476 3 1842 1844 3797 3 1844 1847 2598 3 1847 1848 3455 3 1848 1851 2112 2 1851 1853 5 1853 1854 2275 2981 3560 5 1854 1855 2550 3092 3392 4 1855 1860 2771 3044 2 1860 1862 5 1862 1868 2213 2389 2978 3 1868 1869 3614 3 1869 1873 2787 4 1873 1874 2670 2817 3 1874 1875 2965 4 1875 1878 1879 2575 6 1878 1879 2105 2278 2379 3580 3 1879 1890 2767 6 1890 1895 2454 2595 3292 3307 3 1895 1896 2094 3 1896 1899 2922 3 1899 1904 3614 4 1904 1905 1959 2121 3 1905 1910 2587 2 1910 1915 2 1915 1923 5 1923 1924 2357 3150 3476 4 1924 1926 3510 3827 8 1926 1928 2261 2560 3045 3077 3077 3358 3 1928 1929 2615 3 1929 1934 3901 4 1934 1937 3661 3846 7 1937 1938 2767 3127 3627 3775 3813 3 1938 1942 2716 3 1942 1945 2747 2 1945 1946 3 1946 1947 2473 6 1947 1948 2549 2559 2727 2890 3 1948 1951 2522 3 1951 1956 3133 2 1956 1959 5 1959 1961 2116 3305 3450 4 1961 1967 2261 3220 3 1967 1968 3348 4 1968 1970 2018 3092 4 1970 1972 3480 3610 3 1972 1976 2393 3 1976 1977 2012 2 1977 1979 5 1979 1980 3358 3415 3455 3 1980 1983 2759 4 1983 1987 2656 3104 3 1987 1995 3451 3 1995 1999 3394 3 1999 2000 3754 6 2000 2004 2463 2630 2694 3238 4 2004 2008 3045 3939 2 2008 2010 7 2010 2012 2216 2493 2671 2909 3468 5 2012 2015 2879 3430 3955 3 2015 2018 2363 4 2018 2030 2431 2473 2 2030 2031 3 2031 2041 3198 3 2041 2042 3320 4 2042 2046 2716 3527 3 2046 2047 2375 5 2047 2053 2493 2783 3042 3 2053 2054 3516 3 2054 2055 3580 4 2055 2059 2559 3320 3 2059 2060 3616 3 2060 2061 2263 6 2061 2068 2068 2129 2523 3725 4 2068 2073 2383 3450 2 2073 2087 3 2087 2088 2152 7 2088 2092 2194 2208 2903 2981 3881 5 2092 2093 2314 2522 3908 3 2093 2094 2943 5 2094 2100 2896 3420 3614 3 2100 2105 2216 5 2105 2108 2493 3495 3601 3 2108 2111 2251 5 2111 2112 2851 2864 3797 4 2112 2114 3292 3816 4 2114 2116 3018 3383 2 2116 2119 4 2119 2121 2231 3230 5 2121 2128 2366 2959 3430 4 2128 2129 3261 3261 4 2129 2141 2310 3622 5 2141 2143 2879 3228 3480 4 2143 2146 2977 3328 5 2146 2152 2936 3045 3674 4 2152 2155 2857 3258 6 2155 2158 2776 2900 3035 3525 3 2158 2160 2599 4 2160 2162 3331 3960 2 2162 2163 2 2163 2173 6 2173 2178 2454 2537 2675 2940 5 2178 2179 2228 2560 3008 6 2179 2184 2385 2519 2933 3549 3 2184 2187 3616 4 2187 2188 3400 3796 3 2188 2191 3872 3 2191 2192 3185 2 2192 2194 2 2194 2196 4 2196 2198 3422 3808 4 2198 2199 2308 3925 3 2199 2201 3946 3 2201 2202 2679 4 2202 2208 3357 3487 3 2208 2209 3415 6 2209 2213 2630 2727 2824 3536 2 2213 2216 2 2216 2217 5 2217 2219 2742 2980 3527 2 2219 2220 4 2220 2227 2377 3377 2 2227 2228 2 2228 2231 4 2231 2232 3114 3591 3 2232 2234 3549 4 2234 2240 3844 3943 2 2240 2245 5 2245 2251 2966 3216 3943 5 2251 2256 2445 2893 3754 5 2256 2257 3133 3344 3992 3 2257 2260 2413 2 2260 2261 4 2261 2263 2503 3846 4 2263 2266 2656 3106 3 2266 2269 2519 3 2269 2272 3170 4 2272 2275 2595 3943 5 2275 2278 2431 3254 3904 5 2278 2280 2519 2610 3198 4 2280 2281 3279 3930 2 2281 2285 5 2285 2286 2769 2885 3261 2 2286 2289 3 2289 2293 2714 4 2293 2298 3008 3401 2 2298 2299 3 2299 2300 3011 4 2300 2304 3458 3925 2 2304 2305 4 2305 2308 2522 2615 4 2308 2310 3458 3612 2 2310 2312 3 2312 2314 3480 2 2314 2317 4 2317 2318 3127 3350 5 2318 2325 2375 2585 2714 3 2325 2327 2726 4 2327 2332 3358 3836 5 2332 2335 2513 3494 3711 3 2335 2342 3301 3 2342 2352 2579 2 2352 2357 2 2357 2359 3 2359 2363 3684 3 2363 2366 3836 3 2366 2367 2539 7 2367 2375 2522 2638 3661 3808 3810 5 2375 2376 2390 2737 3218 4 2376 2377 2765 3235 3 2377 2379 2776 6 2379 2383 2636 2824 3788 3808 2 2383 2384 4 2384 2385 2724 3633 3 2385 2387 2952 4 2387 2389 2725 3432 2 2389 2390 5 2390 2393 3383 3612 3694 2 2393 2399 3 2399 2403 3431 5 2403 2405 3527 3614 3816 4 2405 2407 2437 3669 4 2407 2410 2520 3610 4 2410 2412 3272 3654 3 2412 2413 3365 3 2413 2420 3725 4 2420 2428 2767 3457 6 2428 2431 2975 3711 3813 3898 5 2431 2437 2493 2821 3694 2 2437 2440 3 2440 2445 3597 5 2445 2454 2766 3185 3641 3 2454 2463 2699 3 2463 2465 2849 3 2465 2470 3107 4 2470 2473 2750 3225 2 2473 2475 4 2475 2480 3128 3220 3 2480 2483 2615 3 2483 2488 3710 4 2488 2491 2836 2856 2 2491 2492 3 2492 2493 3879 2 2493 2500 4 2500 2501 2756 3661 4 2501 2503 3173 3238 5 2503 2513 2579 2924 3432 4 2513 2517 2786 3930 3 2517 2519 2632 4 2519 2520 2656 3881 4 2520 2522 2524 3431 5 2522 2523 2679 2832 3706 2 2523 2524 2 2524 2531 6 2531 2533 2776 3128 3515 3912 3 2533 2534 2549 4 2534 2536 2671 3193 3 2536 2537 3790 4 2537 2539 2579 3526 3 2539 2540 2872 2 2540 2543 3 2543 2549 3930 3 2549 2550 2836 4 2550 2553 3193 3198 3 2553 2559 3328 2 2559 2560 3 2560 2575 3103 3 2575 2577 3430 2 2577 2579 7 2579 2582 2756 2769 3305 3614 3912 4 2582 2585 3400 3903 2 2585 2587 2 2587 2595 4 2595 2598 2807 2825 5 2598 2599 2706 2817 3951 5 2599 2601 2929 3228 3930 3 2601 2605 3422 3 2605 2606 3946 3 2606 2606 2610 3 2610 2612 3394 6 2612 2613 2879 3228 3307 3991 2 2613 2614 4 2614 2615 2756 2781 3 2615 2616 3045 2 2616 2621 2 2621 2622 4 2622 2623 3170 3866 3 2623 2628 3972 6 2628 2630 2799 2905 3158 3313 3 2630 2632 3450 4 2632 2633 2895 3123 4 2633 2636 2994 3920 2 2636 2637 2 2637 2638 2 2638 2656 2 2656 2659 3 2659 2665 3564 4 2665 2666 3023 3222 4 2666 2670 3370 3518 3 2670 2671 3550 3 2671 2675 3900 2 2675 2676 3 2676 2679 3813 2 2679 2687 4 2687 2689 2965 3786 5 2689 2694 2726 3424 3866 3 2694 2696 3104 5 2696 2699 3527 3625 3928 3 2699 2702 3661 2 2702 2706 2 2706 2708 2 2708 2710 2 2710 2714 4 2714 2716 2940 3253 3 2716 2723 3151 3 2723 2724 3710 5 2724 2725 3348 3597 3939 2 2725 2726 2 2726 2727 3 2727 2736 3107 2 2736 2737 4 2737 2739 2890 3210 2 2739 2742 2 2742 2747 2 2747 2750 3 2750 2752 3000 4 2752 2755 2859 3113 3 2755 2756 3614 4 2756 2759 2959 3900 4 2759 2760 2814 3531 2 2760 2761 4 2761 2762 2966 3308 3 2762 2765 3580 3 2765 2766 2849 3 2766 2767 3347 4 2767 2769 2882 3590 3 2769 2771 3444 3 2771 2775 2833 3 2775 2776 3591 2 2776 2781 2 2781 2783 2 2783 2785 2 2785 2786 3 2786 2787 3828 3 2787 2791 3407 3 2791 2797 3725 2 2797 2798 3 2798 2799 2936 3 2799 2807 3457 2 2807 2809 2 2809 2814 4 2814 2817 2959 3313 4 2817 2819 3080 3908 7 2819 2820 3386 3518 3774 3828 3911 3 2820 2821 3614 4 2821 2824 3064 3276 2 2824 2825 3 2825 2832 3733 3 2832 2833 3034 2 2833 2836 2 2836 2840 3 2840 2845 3424 2 2845 2849 3 2849 2850 2947 5 2850 2851 2870 3394 3973 4 2851 2856 3406 3655 2 2856 2857 5 2857 2858 2909 3430 3825 4 2858 2859 3407 3412 2 2859 2864 3 2864 2870 3709 5 2870 2872 3113 3549 3873 7 2872 2878 2988 3107 3305 3406 3489 3 2878 2879 3517 4 2879 2882 3308 3377 3 2882 2885 3904 3 2885 2890 3455 5 2890 2891 2910 3401 3725 4 2891 2893 3706 3808 2 2893 2895 2 2895 2896 2 2896 2900 3 2900 2903 3243 3 2903 2905 2909 2 2905 2906 2 2906 2909 3 2909 2910 3150 2 2910 2913 4 2913 2915 3219 3421 3 2915 2922 2977 3 2922 2924 2940 5 2924 2926 2959 2962 3875 3 2926 2929 3045 3 2929 2930 3711 4 2930 2933 3193 3261 2 2933 2935 2 2935 2936 3 2936 2938 3728 4 2938 2939 3308 3560 3 2939 2940 3935 2 2940 2943 3 2943 2947 3230 2 2947 2948 2 2948 2952 4 2952 2958 3044 3729 3 2958 2959 3494 3 2959 2961 2981 3 2961 2962 3419 5 2962 2965 3106 3235 3979 4 2965 2966 3828 3943 2 2966 2975 3 2975 2977 3775 2 2977 2978 4 2978 2979 3801 3828 2 2979 2980 5 2980 2981 3035 3266 3936 4 2981 2984 3092 3857 3 2984 2988 3014 2 2988 2989 4 2989 2994 3526 3754 4 2994 2999 3328 3386 5 2999 3000 3370 3729 3836 3 3000 3003 3930 3 3003 3006 3261 3 3006 3008 3113 2 3008 3009 2 3009 3011 3 3011 3014 3415 2 3014 3015 3 3015 3018 3946 3 3018 3023 3106 5 3023 3024 3279 3614 3869 4 3024 3034 3218 3347 3 3034 3035 3828 4 3035 3042 3210 3668 2 3042 3044 3 3044 3045 3358 6 3045 3055 3170 3715 3912 3972 4 3055 3063 3104 3686 3 3063 3064 3150 2 3064 3076 2 3076 3077 2 3077 3080 4 3080 3084 3193 3220 2 3084 3086 3 3086 3089 3253 2 3089 3090 3 3090 3092 3092 3 3092 3096 3917 3 3096 3103 3754 2 3103 3104 3 3104 3106 3869 2 3106 3107 3 3107 3113 3238 3 3113 3114 3128 3 3114 3120 3229 5 3120 3123 3419 3866 3908 2 3123 3127 2 3127 3128 5 3128 3133 3323 3549 3553 2 3133 3134 4 3134 3136 3164 3329 3 3136 3137 3561 3 3137 3143 3669 4 3143 3147 3299 3614 4 3147 3149 3550 3597 2 3149 3150 2 3150 3151 2 3151 3153 2 3153 3157 2 3157 3158 2 3158 3164 3 3164 3170 3992 2 3170 3173 2 3173 3180 4 3180 3185 3419 3866 4 3185 3186 3597 3610 3 3186 3193 3347 2 3193 3198 2 3198 3210 2 3210 3216 2 3216 3218 2 3218 3219 3 3219 3220 3533 2 3220 3222 3 3222 3224 3880 2 3224 3225 2 3225 3226 3 3226 3228 3250 2 3228 3229 3 3229 3230 3348 4 3230 3235 3319 3612 2 3235 3238 2 3238 3243 3 3243 3244 3258 3 3244 3245 3419 2 3245 3250 4 3250 3253 3491 3813 2 3253 3254 2 3254 3256 4 3256 3257 3421 3630 2 3257 3258 4 3258 3261 3444 3706 2 3261 3266 2 3266 3272 2 3272 3276 3 3276 3279 3828 2 3279 3292 4 3292 3297 3331 3431 2 3297 3299 4 3299 3301 3430 3614 2 3301 3305 2 3305 3307 2 3307 3308 2 3308 3313 3 3313 3319 3612 2 3319 3320 3 3320 3323 3330 3 3323 3328 3531 3 3328 3329 3444 2 3329 3330 2 3330 3331 3 3331 3335 3347 2 3335 3344 2 3344 3347 2 3347 3348 2 3348 3350 2 3350 3352 2 3352 3357 2 3357 3358 2 3358 3360 2 3360 3361 3 3361 3362 3901 2 3362 3364 2 3364 3365 2 3365 3370 4 3370 3377 3378 3415 2 3377 3378 4 3378 3383 3729 3827 3 3383 3386 3525 2 3386 3392 4 3392 3394 3847 3930 4 3394 3400 3585 3801 3 3400 3401 3865 2 3401 3406 2 3406 3407 2 3407 3412 3 3412 3415 3454 3 3415 3419 3881 3 3419 3420 3872 3 3420 3421 3754 2 3421 3422 2 3422 3424 2 3424 3430 2 3430 3431 4 3431 3432 3641 3969 4 3432 3442 3622 3847 3 3442 3444 3991 3 3444 3450 3564 4 3450 3451 3873 3879 4 3451 3452 3462 3827 2 3452 3454 3 3454 3455 3476 2 3455 3456 2 3456 3457 3 3457 3458 3869 2 3458 3462 2 3462 3468 3 3468 3476 3728 2 3476 3480 4 3480 3487 3722 3898 2 3487 3489 2 3489 3491 3 3491 3494 3684 2 3494 3495 3 3495 3495 3510 2 3510 3515 3 3515 3516 3810 2 3516 3517 4 3517 3518 3928 3972 3 3518 3525 3622 2 3525 3526 2 3526 3527 3 3527 3531 3866 2 3531 3533 2 3533 3534 3 3534 3536 3957 2 3536 3543 2 3543 3544 3 3544 3549 3900 2 3549 3550 2 3550 3553 2 3553 3557 2 3557 3560 2 3560 3561 2 3561 3564 2 3564 3577 3 3577 3580 3949 2 3580 3585 2 3585 3589 3 3589 3590 3859 3 3590 3591 3725 2 3591 3597 2 3597 3601 2 3601 3605 2 3605 3609 2 3609 3610 2 3610 3612 2 3612 3614 2 3614 3616 2 3616 3622 2 3622 3625 3 3625 3627 3796 2 3627 3630 3 3630 3633 3836 2 3633 3637 2 3637 3638 2 3638 3641 3 3641 3641 3651 2 3651 3654 3 3654 3655 3911 2 3655 3661 2 3661 3668 2 3668 3669 3 3669 3674 3869 2 3674 3684 2 3684 3685 2 3685 3686 2 3686 3694 2 3694 3698 3 3698 3699 3946 2 3699 3706 5 3706 3709 3881 3891 3957 2 3709 3710 3 3710 3711 3880 2 3711 3715 3 3715 3722 3828 2 3722 3725 2 3725 3728 2 3728 3729 2 3729 3733 2 3733 3736 4 3736 3743 3865 3903 2 3743 3748 2 3748 3754 2 3754 3773 2 3773 3774 2 3774 3775 2 3775 3782 2 3782 3786 2 3786 3787 3 3787 3788 3801 3 3788 3790 3881 3 3790 3796 3936 3 3796 3797 3969 2 3797 3801 2 3801 3808 2 3808 3810 2 3810 3813 2 3813 3816 2 3816 3825 2 3825 3827 2 3827 3828 2 3828 3836 2 3836 3842 2 3842 3844 2 3844 3846 2 3846 3847 2 3847 3857 2 3857 3859 2 3859 3865 2 3865 3866 2 3866 3869 2 3869 3871 2 3871 3872 2 3872 3873 3 3873 3875 3957 2 3875 3879 2 3879 3880 2 3880 3881 3 3881 3891 3938 2 3891 3896 3 3896 3898 3974 2 3898 3900 2 3900 3901 2 3901 3903 2 3903 3904 2 3904 3908 2 3908 3911 2 3911 3912 2 3912 3917 2 3917 3920 2 3920 3925 2 3925 3928 2 3928 3929 2 3929 3930 2 3930 3935 2 3935 3936 2 3936 3938 2 3938 3939 2 3939 3943 2 3943 3944 2 3944 3946 2 3946 3949 2 3949 3951 2 3951 3955 4 3955 3957 3969 3976 2 3957 3959 2 3959 3960 3 3960 3960 3967 2 3967 3969 2 3969 3972 2 3972 3973 2 3973 3974 2 3974 3975 2 3975 3976 2 3976 3979 2 3979 3991 2 3991 3992 1 3992
