1 0
1 1
1 2
2 0 0
2 1 1
2 2 2
2 0 1
2 1 0
2 0 2
2 2 0
2 1 2
2 2 1
3 0 1 2
3 0 2 1
3 1 0 2
3 1 2 0
3 2 0 1
3 2 1 0
3 0 0 1
3 0 1 0
3 1 0 0
3 1 1 0
3 1 0 1
3 0 1 1
3 0 0 2
3 0 2 0
3 2 0 0
3 2 2 0
3 2 0 2
3 0 2 2
3 1 1 2
3 1 2 1
3 2 1 1
3 2 2 1
3 2 1 2
3 1 2 2
4 2 1 1 0
4 1 2 0 0
6 0 0 1 0 1 1
10 1 2 2 2 2 0 0 0 1 1
8 0 2 2 2 0 2 1 1
8 0 2 1 2 0 2 0 1
8 1 1 2 0 1 1 1 2
4 1 1 1 2
8 2 1 2 0 1 1 1 1
8 0 1 2 0 0 2 2 1
5 1 0 0 2 2
6 1 2 2 1 2 0
6 1 1 0 0 1 1
7 1 1 1 2 2 0 1
8 1 0 1 2 1 0 0 0
8 0 1 0 2 1 0 1 2
8 2 0 0 0 0 1 2 2
6 1 0 1 2 1 2
10 1 1 2 0 2 1 0 0 2 2
9 2 2 0 0 2 0 2 1 0
89 2 2 1 2 1 1 1 0 0 2 1 0 2 1 2 2 1 1 1 1 1 0 2 0 2 0 2 2 1 0 2 1 0 2 1 2 0 0 0 0 2 1 1 2 0 1 2 2 0 0 2 2 0 1 0 1 0 0 1 1 1 0 0 2 2 2 1 0 0 2 1 0 1 0 2 2 1 2 1 1 2 1 1 0 0 2 1 0 0
38 1 1 1 0 1 1 0 0 2 0 0 1 1 2 1 1 1 2 0 0 2 0 2 1 1 0 1 0 0 1 0 2 1 2 2 2 1 0
107 1 0 1 2 2 0 0 0 2 0 1 0 0 1 0 2 0 0 0 1 1 0 2 1 1 2 1 0 1 2 2 2 0 0 2 0 1 0 1 1 0 0 1 2 1 2 2 2 0 0 0 2 0 1 1 2 1 2 0 2 2 2 2 0 0 1 1 1 2 2 2 0 0 1 2 0 1 2 2 2 0 1 2 1 0 1 1 1 1 1 0 1 1 0 2 2 2 1 1 1 1 0 1 2 2 2 0
55 1 0 1 1 1 1 0 2 2 1 0 0 0 1 2 2 1 2 1 0 0 2 2 2 0 1 2 0 1 2 2 2 2 0 2 2 2 2 1 2 1 0 0 2 1 0 1 0 0 0 1 1 0 1 1
92 0 0 1 2 0 2 1 1 0 1 1 0 1 0 2 2 0 0 2 2 2 1 0 2 1 1 1 2 0 0 1 1 1 1 0 0 0 0 1 0 1 0 0 0 0 1 0 1 2 0 1 1 2 1 1 2 2 0 1 1 1 0 0 2 1 2 0 2 0 1 2 2 2 0 2 0 2 1 2 1 2 0 0 1 1 2 0 1 2 0 0 1
47 1 1 0 0 2 2 1 2 1 0 1 2 1 1 1 2 0 1 2 0 1 0 2 1 2 1 2 2 1 0 1 2 2 1 0 2 0 1 1 1 0 2 2 1 2 0 0
79 1 2 1 0 0 0 0 2 2 2 2 1 2 0 1 2 1 0 1 2 2 2 2 2 2 1 0 1 2 1 2 1 1 0 2 2 1 2 2 1 2 2 0 2 0 2 1 0 0 0 2 0 0 1 0 2 2 1 1 2 0 0 1 2 1 1 1 0 2 0 2 1 0 2 0 2 0 2 2
25 0 2 1 0 1 2 0 1 1 2 1 1 2 0 1 1 0 2 1 2 1 1 1 2 0
107 1 1 2 1 2 0 1 1 0 0 0 1 2 2 0 1 2 0 1 0 1 1 0 0 1 2 1 0 1 2 0 1 2 0 2 1 1 1 0 0 1 1 1 1 1 0 0 0 0 1 1 0 1 1 1 0 1 2 1 2 2 2 1 1 0 1 0 2 2 1 2 2 0 2 0 1 0 0 2 1 2 0 1 1 2 2 0 0 2 1 0 2 1 2 1 2 1 2 2 1 1 2 0 1 2 1 2
10 2 2 0 0 2 0 1 2 0 2
63 0 1 1 0 0 1 1 0 2 1 2 1 2 2 0 0 1 1 1 1 2 0 0 2 1 0 1 0 0 1 2 0 0 0 1 1 1 0 2 1 1 1 2 1 1 0 2 0 0 0 2 2 2 2 2 0 0 0 1 0 2 0 2
81 1 0 2 0 1 1 1 0 0 2 2 2 2 1 2 2 0 2 2 2 2 1 0 2 0 2 1 2 1 0 1 2 1 0 0 0 2 2 1 0 1 0 2 2 2 2 2 0 2 2 0 2 1 0 2 1 1 0 2 2 1 0 2 2 0 0 0 0 0 1 0 2 2 0 2 0 0 2 0 0 1
51 2 2 2 2 2 0 2 1 0 1 1 0 1 2 1 2 1 1 1 1 2 1 2 1 1 2 1 0 0 0 2 2 1 2 0 0 1 2 1 1 2 0 2 0 0 2 2 1 1 1 0
65 1 0 0 0 0 1 0 0 2 0 0 0 1 0 1 2 1 2 1 0 0 2 1 0 1 1 2 2 0 0 1 1 0 2 1 1 0 0 1 0 1 1 1 2 0 2 2 1 2 2 1 2 1 2 1 0 0 1 0 1 1 1 0 2 1
105 0 2 1 2 0 0 1 2 1 1 1 0 2 1 2 1 1 1 1 2 1 0 0 0 1 2 2 0 2 1 0 0 1 2 2 1 2 1 0 0 0 0 2 0 2 1 2 1 1 1 1 0 1 2 0 0 0 0 0 0 2 1 1 0 0 1 1 0 0 0 0 1 1 2 2 0 2 1 1 1 2 0 1 1 1 0 2 1 1 2 2 0 1 0 0 1 0 2 2 1 2 1 2 0 0
81 1 0 1 1 2 1 1 1 0 0 2 2 2 0 2 2 1 0 0 1 0 0 1 2 2 1 0 2 2 2 2 1 0 1 2 0 2 1 2 0 0 1 0 2 1 0 1 0 0 0 1 0 0 0 1 0 1 2 0 1 1 0 0 0 1 0 0 1 2 2 0 2 1 0 0 0 0 2 0 2 2
34 0 0 2 1 1 2 1 1 1 0 2 1 0 1 2 1 0 1 1 1 2 2 1 2 0 0 1 0 2 1 2 2 2 0
16 0 2 1 0 0 2 2 2 1 1 1 2 2 2 2 0
11 2 1 1 0 2 0 0 1 1 1 2
77 2 1 0 1 0 0 2 2 1 1 0 2 2 1 1 2 0 1 2 2 0 0 0 0 1 2 1 2 1 1 0 0 2 2 1 0 0 1 0 1 2 1 0 2 2 2 2 0 0 2 0 2 1 0 2 2 0 1 0 1 0 0 1 0 0 0 1 1 1 2 0 1 0 2 0 0 1
74 0 0 2 1 2 0 0 1 1 0 0 1 2 0 2 1 1 0 2 0 2 0 2 0 0 0 2 0 1 2 1 2 2 2 1 2 0 2 0 1 0 0 2 0 2 0 1 1 1 1 1 1 0 1 1 0 1 2 0 0 1 2 0 1 2 2 0 2 2 1 1 2 2 1
34 1 2 2 2 0 1 1 1 1 0 1 1 2 0 2 0 2 2 1 1 1 0 2 1 2 1 0 2 0 2 2 0 2 2
91 2 0 2 2 2 2 0 0 2 1 2 0 1 0 1 0 1 2 2 0 2 0 0 2 1 0 1 1 2 1 1 2 1 1 1 0 0 1 1 1 0 2 1 1 2 0 2 1 0 1 2 2 2 0 1 1 0 1 2 0 2 1 0 2 2 2 0 1 2 2 2 2 1 0 2 1 1 1 2 1 1 1 2 0 2 1 2 0 2 2 1
51 0 2 2 1 1 2 2 1 2 2 1 1 2 1 2 2 0 2 0 1 0 2 0 0 1 2 1 1 1 0 1 0 0 1 2 2 2 2 1 1 1 2 0 1 1 2 0 1 2 1 0
37 1 1 1 0 0 0 2 0 1 1 1 1 1 0 1 0 0 2 1 1 2 2 2 0 0 1 1 2 2 2 0 1 0 0 0 1 0
51 2 0 1 1 1 2 1 2 0 2 1 2 0 1 2 0 1 2 1 0 2 1 2 0 1 1 0 1 0 2 1 2 2 0 0 0 1 2 1 1 1 0 1 2 2 1 2 0 0 2 1
57 0 2 1 1 0 2 0 0 1 1 2 1 2 0 0 1 0 1 2 1 2 2 0 2 0 0 0 1 2 2 0 1 1 2 0 1 1 1 1 1 0 1 2 0 2 0 1 2 2 1 0 2 0 1 1 1 0
83 0 2 2 0 1 0 2 2 0 2 1 2 0 1 1 0 2 0 2 0 0 1 2 1 1 0 1 1 2 1 0 0 0 0 1 0 2 1 2 2 1 0 1 1 2 0 2 1 2 1 0 2 1 2 1 2 1 2 0 0 1 2 0 2 0 2 0 2 1 2 2 0 0 2 2 0 2 1 2 1 1 2 1
41 2 1 2 0 0 1 2 2 1 0 2 1 0 0 2 1 0 1 2 0 0 1 0 1 0 0 2 2 0 2 2 1 0 2 2 1 0 1 1 1 2
29 1 2 1 0 2 1 1 1 2 0 0 0 1 1 1 1 0 2 0 0 1 0 2 0 0 1 2 1 0
