600
0
1
2
4
8
16
32
64
128
256
512
1024
2048
4096
8192
16384
32768
65536
131072
262144
524288
1048576
2097152
4194304
8388608
16777216
33554432
67108864
134217728
268435456
536870912
1073741824
2147483648
4294967295
1431655765
2863311530
16711935
4278255360
65535
4294901760
255
4278190080
858993459
3435973836
252645135
4042322160
1431677610
2863289685
859032780
3435934515
252702960
4042264335
16776960
4278190335
0
1
2
3
4
5
6
7
8
9
10
11
12
13
14
15
16
17
18
19
20
21
22
23
24
25
26
27
28
29
30
31
32
33
34
35
36
37
38
39
40
41
42
43
44
45
46
47
48
49
50
51
52
53
54
55
56
57
58
59
60
61
62
63
64
65
66
67
68
69
70
71
72
73
74
75
76
77
78
79
80
81
82
83
84
85
86
87
88
89
90
91
92
93
94
95
96
97
98
99
100
101
102
103
104
105
106
107
108
109
110
111
112
113
114
115
116
117
118
119
120
121
122
123
124
125
126
127
128
129
130
131
132
133
134
135
136
137
138
139
140
141
142
143
144
145
146
147
148
149
150
151
152
153
154
155
156
157
158
159
160
161
162
163
164
165
166
167
168
169
170
171
172
173
174
175
176
177
178
179
180
181
182
183
184
185
186
187
188
189
190
191
192
193
194
195
196
197
198
199
200
201
202
203
204
205
206
207
208
209
210
211
212
213
214
215
216
217
218
219
220
221
222
223
224
225
226
227
228
229
230
231
232
233
234
235
236
237
238
239
240
241
242
243
244
245
246
247
248
249
250
251
252
253
254
255
4294967040
4294967041
4294967042
4294967043
4294967044
4294967045
4294967046
4294967047
4294967048
4294967049
4294967050
4294967051
4294967052
4294967053
4294967054
4294967055
4294967056
4294967057
4294967058
4294967059
4294967060
4294967061
4294967062
4294967063
4294967064
4294967065
4294967066
4294967067
4294967068
4294967069
4294967070
4294967071
4294967072
4294967073
4294967074
4294967075
4294967076
4294967077
4294967078
4294967079
4294967080
4294967081
4294967082
4294967083
4294967084
4294967085
4294967086
4294967087
4294967088
4294967089
4294967090
4294967091
4294967092
4294967093
4294967094
4294967095
4294967096
4294967097
4294967098
4294967099
4294967100
4294967101
4294967102
4294967103
4294967104
4294967105
4294967106
4294967107
4294967108
4294967109
4294967110
4294967111
4294967112
4294967113
4294967114
4294967115
4294967116
4294967117
4294967118
4294967119
4294967120
4294967121
4294967122
4294967123
4294967124
4294967125
4294967126
4294967127
4294967128
4294967129
4294967130
4294967131
4294967132
4294967133
4294967134
4294967135
4294967136
4294967137
4294967138
4294967139
4294967140
4294967141
4294967142
4294967143
4294967144
4294967145
4294967146
4294967147
4294967148
4294967149
4294967150
4294967151
4294967152
4294967153
4294967154
4294967155
4294967156
4294967157
4294967158
4294967159
4294967160
4294967161
4294967162
4294967163
4294967164
4294967165
4294967166
4294967167
4294967168
4294967169
4294967170
4294967171
4294967172
4294967173
4294967174
4294967175
4294967176
4294967177
4294967178
4294967179
4294967180
4294967181
4294967182
4294967183
4294967184
4294967185
4294967186
4294967187
4294967188
4294967189
4294967190
4294967191
4294967192
4294967193
4294967194
4294967195
4294967196
4294967197
4294967198
4294967199
4294967200
4294967201
4294967202
4294967203
4294967204
4294967205
4294967206
4294967207
4294967208
4294967209
4294967210
4294967211
4294967212
4294967213
4294967214
4294967215
4294967216
4294967217
4294967218
4294967219
4294967220
4294967221
4294967222
4294967223
4294967224
4294967225
4294967226
4294967227
4294967228
4294967229
4294967230
4294967231
4294967232
4294967233
4294967234
4294967235
4294967236
4294967237
4294967238
4294967239
4294967240
4294967241
4294967242
4294967243
4294967244
4294967245
4294967246
4294967247
4294967248
4294967249
4294967250
4294967251
4294967252
4294967253
4294967254
4294967255
4294967256
4294967257
4294967258
4294967259
4294967260
4294967261
4294967262
4294967263
4294967264
4294967265
4294967266
4294967267
4294967268
4294967269
4294967270
4294967271
4294967272
4294967273
4294967274
4294967275
4294967276
4294967277
4294967278
4294967279
4294967280
4294967281
4294967282
4294967283
4294967284
4294967285
4294967286
4294967287
4294967288
4294967289
4294967290
4294967291
4294967292
4294967293
4294967294
4294967295
3401459994
2817893331
1417935278
2370822898
1964320299
3253675936
2222841408
1436348580
1107961030
2769826391
1108476877
904135595
3086377327
2636419867
2964021955
705796872
3125059799
2502408683
2043877491
109280057
829747131
1802644395
2531578869
2009826291
43261596
3400078909
2501430179
1365156765
2636282643
1019508195
2009412182
3929286301
1573223080
4134892830
