130
0
1 0
1 1 1
1 3 0 2 5
2 0 0
2 0 1 1
2 1 1 1 0
2 1 0 1 1
2 3 1 2 2 3 1 1 2
2 3 1 2 3 4 4 5 6 7
2 3 1 4 5 2 0 2
3 1 2 0 1 -1
4 0 3 -1 5 11 0 2 6 10
3 0 1 -2 3 -3 -2 1
3 2 -1 1 3 -3 1 4 4 -2 -1 0 2
2 3 0 0 0 4 1 3 4 6
3 4 -2 1 4 5 3 -2 5 6 2 -2 0
4 0 2 -1 5 3 1 4 6 3 4 5 6
2 0 1 -2
2 4 -2 -1 -1 -1 0
1 2 -2 -1
2 0 1 -2
2 2 -3 -3 2 -3 -2
2 3 -1 -1 -1 3 -2 -2 -1
1 4 -3 -3 -3 -1
1 1 -3
2 0 3 -2 -1 -1
2 2 -2 -2 1 -3
1 4 -3 -2 -2 -1
2 3 -3 -3 -2 4 -3 -3 -2 -2
2 4 -3 -3 -1 -1 2 -3 -2
1 3 -3 -3 -2
1 3 -2 -2 -1
2 1 -3 4 -2 -2 -1 -1
2 4 -3 -2 -2 -1 2 -3 -1
2 2 -3 -2 3 -2 -2 -2
4 8 -8 -7 -7 -5 1 1 3 4 1 -2 6 -10 -10 -7 0 1 3 1 2
3 9 -10 -9 -9 -9 -7 -2 -1 2 4 8 -9 -7 -6 -6 -3 0 1 3 6 -10 -9 -2 -1 1 3
4 8 -8 -7 -6 -3 -2 -2 0 3 8 -10 -6 -4 -4 -4 -2 -1 4 5 -10 -9 -8 -8 -6 3 -10 0 4
7 7 -10 -9 -9 -3 -1 -1 0 1 -5 1 4 1 -8 0 7 -9 -6 -5 -4 -2 2 3 5 -3 -3 -2 -1 0
5 7 -6 -3 -1 1 2 2 2 5 -10 -8 -6 -2 4 1 -2 9 -8 -4 -3 -3 -2 -1 1 2 3 8 -8 -6 -5 -4 -2 -2 2 4
4 6 -5 -2 0 1 1 2 3 -7 -6 -3 8 -8 -7 -4 -4 0 2 3 4 0
1 6 -9 -6 -4 2 2 3
3 8 -9 -5 -3 -1 -1 1 1 2 5 -10 -6 0 1 2 6 -10 -6 -6 -6 0 1
6 3 -9 -7 -7 4 -6 -4 -1 1 7 -6 -5 -2 0 0 1 2 8 -9 -8 -6 -5 -4 1 2 4 1 -10 3 -5 2 3
6 3 -3 2 2 1 -9 8 -10 -5 -4 -2 -1 1 3 4 5 -10 -9 -8 3 4 4 -5 -3 3 4 7 -9 -8 -5 -4 -2 -1 3
2 6 -10 -8 -8 -6 -4 4 2 -4 -3
6 6 -9 -4 -3 0 1 4 8 -9 -6 -5 -4 -2 -1 -1 1 2 -9 -6 4 -7 -5 1 2 0 2 -6 4
3 4 -10 -9 -6 -5 8 -8 -5 -4 -3 -3 -3 0 2 4 -9 -8 -3 3
7 3 -8 2 4 9 -9 -9 -9 -9 -8 -5 -3 -2 1 9 -9 -7 -5 -3 -3 -1 0 3 4 8 -9 -7 -6 -4 -2 -1 3 4 3 -10 -3 0 3 -9 0 4 2 -8 -8
2 3 -3 -1 -1 1 -4
5 2 1 3 1 -8 7 -9 -7 -3 -2 -2 -1 2 0 7 -7 -7 -7 -2 -1 -1 4
6 2 1 3 6 -10 -9 2 2 3 4 3 -8 -5 2 6 -10 -6 -5 -5 0 3 7 -8 -6 -2 0 2 3 3 4 -10 -10 -5 0
8 9 -8 -8 -3 -2 0 2 2 3 3 3 -5 -3 1 4 -9 -7 -1 4 6 -10 -4 -4 -4 0 3 2 -2 4 8 -9 -6 -5 -5 -3 -3 -2 2 2 1 3 5 -8 -3 -2 1 3
7 3 -10 -6 -1 0 6 -10 -7 -4 -2 -2 -1 3 -10 -9 4 1 4 2 -3 1 4 -8 -3 1 3
1 5 -10 -8 -7 -5 -3
8 9 -10 -6 -4 -4 0 2 2 2 2 6 -5 1 3 4 4 4 1 -9 1 -9 8 -10 -8 -5 -4 -3 -3 -2 4 8 -10 -8 -7 -4 -4 0 1 2 3 -8 -1 4 8 -6 -5 -2 -2 -1 1 3 4
3 4 -9 -9 -6 -2 8 -9 -9 -7 -5 -3 0 2 4 6 -4 -4 1 1 2 2
4 1 2 5 -9 -5 -4 2 2 6 -10 -9 -8 -5 -2 2 0
5 3 -8 -7 -2 6 -10 -4 -1 -1 2 3 9 -10 -10 -7 -6 -5 -2 0 2 4 7 -9 -9 -5 -1 0 1 2 2 2 4
7 8 -9 -8 -5 -3 -2 1 3 3 2 -10 -9 5 -5 -4 -3 -1 4 4 -9 -7 -7 -3 9 -8 -8 -7 -6 -5 1 2 3 4 7 -10 -7 -6 -3 0 2 3 1 -5
7 7 -7 -6 -1 -1 2 2 2 6 -9 -9 -1 1 2 3 8 -8 -6 -4 -3 -2 -2 -1 2 1 -3 9 -9 -9 -8 -7 -6 -5 1 2 2 7 -10 -9 -8 -8 -5 -1 4 7 -9 -7 -7 -2 -2 1 2
7 4 -9 -9 -8 -6 6 -10 -5 -5 -1 2 4 8 -10 -8 -5 1 1 1 4 4 4 -8 -4 -3 4 9 -9 -5 1 1 2 3 3 4 4 1 -1 6 -3 -2 0 0 1 4
8 5 -6 -4 0 0 4 0 6 -4 -2 -1 1 2 3 6 -9 -6 -5 -2 4 4 6 -9 -6 -5 -2 -1 3 3 -2 -1 0 1 -6 4 -8 -1 0 2
1 2 -6 2
3 7 -9 -1 -1 0 3 3 3 2 -6 1 2 -9 2
9 7 -10 -7 -6 0 2 2 3 1 -9 4 0 1 3 3 8 -10 -9 -9 -5 -2 2 3 4 1 -9 5 -8 -6 -5 3 3 7 -10 -10 -5 -2 -1 2 2 1 4 5 -9 -5 -3 0 0
8 7 -10 -5 -4 -4 -3 1 2 5 -8 -7 1 3 4 0 1 4 9 -8 -6 -6 -6 -1 -1 0 2 4 2 0 2 0 7 -8 -5 -2 -2 -2 -1 2
8 5 -8 -6 -4 -4 -1 9 -9 -6 -6 -4 -3 -2 0 0 2 1 -9 2 -9 -5 4 -8 -7 -4 -4 9 -8 -8 -7 -6 -6 -6 -2 1 2 3 -7 1 1 2 -4 -2
9 0 8 -9 -8 -7 -3 -1 1 3 3 1 4 4 -10 -7 -5 -2 0 9 -10 -9 -8 -8 -6 -5 -5 -4 1 9 -9 -9 -6 -5 -1 -1 0 1 4 9 -8 -5 -4 -4 -2 0 1 1 4 6 -5 -2 -2 2 2 4
9 1 3 5 -9 -5 -3 2 3 8 -7 -7 -7 -6 -6 -5 1 1 5 -10 -9 -8 -4 4 7 -9 -7 -3 0 0 1 2 9 -10 -10 -9 -8 -7 -3 -3 3 4 0 9 -10 -10 -7 -7 -7 -5 -3 -1 4 1 -1
4 7 -5 -4 -3 -1 0 3 3 2 3 4 4 -5 -3 -1 3 2 -8 -6
7 5 -10 -9 -4 2 3 8 -7 -2 -1 -1 0 3 4 4 5 -10 -10 -5 -5 3 4 -1 0 1 1 6 -10 -8 -7 -2 1 4 1 -3 8 -10 -9 -9 -7 -6 -3 1 4
1 8 -9 -4 -2 -2 0 1 3 4
4 9 -10 -8 -6 -5 -1 0 0 1 1 8 -7 -5 -5 0 1 3 3 4 2 -9 -4 1 4
6 4 -6 -3 2 3 5 -9 -6 -4 2 4 7 -10 -8 -8 -3 -3 1 2 7 -10 -8 -6 -4 -4 -3 0 0 8 -10 -5 -5 -4 -1 0 2 3
1 1 -7
3 3 -5 -2 0 5 -5 -3 -3 -1 4 6 -9 -5 -4 -2 -2 2
8 4 -6 -6 -4 2 9 -10 -5 0 1 1 1 1 3 3 7 -10 -10 -4 -3 0 1 1 9 -10 -6 -6 -5 -4 -4 -3 3 4 0 5 -5 -5 -3 2 2 1 0 8 -10 -7 -6 -2 -1 1 1 2
9 3 -10 -7 -2 9 -7 -5 -3 -2 0 0 2 3 4 7 -10 -8 -6 -5 -2 0 3 6 -4 -1 1 3 4 4 7 -9 -8 -8 0 1 3 4 2 -4 1 2 -6 4 1 2 1 2
9 1 -4 3 -10 -6 -6 2 0 3 1 2 6 -10 -9 -8 3 4 4 7 -10 -10 -8 -6 -4 -3 1 1 2 5 -9 -4 -2 4 4 2 -4 0
4 0 8 -10 -9 -8 -7 -2 -1 0 1 1 -4 0
6 7 -4 -4 -3 -1 1 3 4 0 1 4 7 -7 -7 -6 -5 -2 0 3 1 -6 8 -10 -9 -3 -2 3 3 3 4
2 7 -9 -7 -7 -5 1 1 4 8 -7 -7 -4 -3 -2 1 1 4
5 8 -8 -7 -5 -3 0 0 3 3 5 -4 -4 -2 1 4 6 -10 -7 -2 1 1 4 5 -8 -8 -1 -1 3 8 -7 -5 -4 0 2 3 3 4
8 9 -10 -9 -6 -6 -4 -1 -1 0 0 2 -7 0 8 -9 -4 -4 -3 -3 -2 2 3 2 -7 2 0 8 -10 -9 -8 -3 -1 0 1 4 5 -8 -5 -3 -2 -1 3 -6 -4 1
8 6 -8 -7 -4 3 3 4 8 -10 -9 -7 -4 -3 0 0 4 6 -10 -5 -5 -1 1 4 0 3 -5 1 4 4 -9 -4 1 2 0 4 -8 -6 -2 3
6 0 6 -8 -6 -6 -4 -3 1 9 -7 -5 -5 -5 -5 -2 -1 0 3 9 -10 -8 -5 -3 0 2 3 3 4 3 -7 -7 2 8 -9 -5 -3 -2 -1 -1 0 1
8 1 -2 8 -10 -3 -3 -2 0 1 1 4 7 -9 -9 -9 -1 0 2 4 4 -7 -5 -4 3 7 -10 -9 -9 -6 -3 3 4 5 -10 -9 -6 -4 0 6 -10 -9 -9 -8 2 4 3 -10 -8 -5
6 8 -8 -5 -4 -3 0 2 2 3 2 3 3 1 -4 3 -10 -5 2 8 -10 -7 -4 -3 -1 0 1 2 7 -9 -9 -6 0 1 2 2
8 3 0 1 2 4 -10 -8 -5 -4 0 0 1 -3 9 -10 -9 -6 -4 -3 -2 -2 -1 2 6 -9 -9 -2 -1 0 1 9 -9 -4 -3 -2 2 2 3 3 4
1 6 -8 -7 -5 -2 -1 4
7 1 1 1 0 9 -7 -7 -6 -6 -5 -3 -2 1 4 1 -3 3 0 0 4 5 -9 -6 -4 -4 -2 8 -8 -5 -4 -2 0 1 3 4
6 6 -10 -9 -6 -5 -2 2 7 -9 -7 -6 -3 -1 1 1 2 -8 -2 5 -5 -5 -2 -1 4 7 -8 -4 -3 -2 -2 -1 4 7 -10 -8 -6 -5 -4 1 3
9 6 -9 -8 -8 -7 -3 -3 5 -4 -2 1 2 3 6 -4 -2 -2 0 4 4 2 -10 -9 3 -8 -5 2 5 -9 -8 -5 -4 -1 4 -9 -3 -1 1 9 -10 -6 -5 -4 -3 -3 -1 -1 -1 0
6 2 1 4 0 0 8 -9 -8 -5 -3 -2 0 0 3 6 -3 -3 1 2 3 3 2 -10 4
7 4 -5 -5 2 3 4 -6 -3 -1 2 9 -9 -8 -7 -5 -2 -2 -1 0 3 7 -6 -4 -4 1 2 2 3 6 -10 -7 -5 -2 -2 0 3 -1 0 4 1 3
6 6 -10 -8 -7 -5 -4 2 9 -9 -8 -8 -7 -4 -2 -1 3 4 5 -5 -5 2 3 3 7 -3 -1 -1 1 3 4 4 2 -10 -4 9 -10 -10 -9 -9 -7 -3 -1 0 3
8 7 -8 -7 -6 -5 -3 -2 0 7 -9 -5 1 2 2 4 4 5 -3 -3 -3 -2 2 7 -9 -6 -6 -6 -4 -3 2 7 -8 -7 -3 -2 0 1 4 2 -4 0 5 -10 -2 -1 1 1 1 -10
2 5 -9 -8 -6 -3 -3 6 -9 -2 -1 -1 1 2
3 8 -9 -9 -6 -5 -4 -3 1 4 6 -9 -9 -7 -7 -1 2 6 -8 -8 0 1 1 1
4 7 -8 -8 -3 -2 1 2 3 2 -9 -2 9 -9 -6 0 1 2 3 3 3 4 5 -6 -5 -2 1 3
6 6 -10 -9 -1 0 1 3 9 -8 -7 -6 -4 -4 -4 -4 -2 2 8 -4 -1 0 0 0 2 3 4 1 0 8 -9 -5 -3 -1 0 0 1 2 0
6 9 -8 -6 -5 0 1 1 2 4 4 0 6 -8 -4 0 1 2 3 2 -10 3 3 -5 -3 -3 2 -3 -2
4 6 -7 -7 -5 -2 0 4 4 -7 -6 -3 1 7 -10 -9 -4 2 2 4 4 9 -6 -6 -5 -4 -4 -1 1 1 2
5 0 5 -10 -4 -3 -2 1 2 -7 -7 6 -3 -3 -1 0 0 2 7 -9 -8 -5 -4 -4 0 1
4 2 0 4 4 -10 -3 4 4 3 -3 0 3 5 -8 -4 1 3 3
6 0 1 -4 9 -10 -8 -8 -7 -3 -3 -2 -1 2 6 -10 -8 -4 -3 -3 -1 0 2 -3 -1
7 2 -9 -4 5 -10 -8 -7 -7 2 9 -8 -8 -7 -6 -4 -1 2 4 4 5 -5 1 2 2 3 5 -7 -6 -6 -5 1 9 -9 -9 -7 -5 -2 -1 0 1 3 9 -9 -9 -6 -5 -5 -4 -3 -3 4
4 0 6 -9 -7 -1 2 2 3 2 -10 3 4 -7 -6 -4 0
6 1 -5 8 -9 -8 -7 -5 1 1 1 3 9 -10 -7 -6 -6 -6 0 1 3 3 6 -10 -8 -7 -2 3 3 2 -1 4 3 -5 -4 -1
7 4 -7 -4 -3 0 2 1 4 6 -6 0 1 4 4 4 5 -5 -5 0 0 2 9 -10 -10 -9 -7 -7 -7 -2 -1 4 4 -6 0 1 3 5 -7 -5 -4 -1 -1
2 3 -5 -5 2 5 -8 -8 -8 -8 0
2 8 -9 -9 -7 -4 -2 -1 2 3 2 -8 -3
9 7 -7 -7 -6 -4 -4 1 1 8 -10 -9 -8 -7 -7 -5 -2 2 2 -10 3 0 0 7 -5 -4 -4 -4 -1 -1 4 0 6 -10 -5 -3 -1 1 2 7 -10 -9 -5 -4 -3 -1 -1
8 1 -9 0 5 -10 -8 -2 -1 2 9 -10 -9 -7 -6 -5 -2 -2 1 4 5 -7 -7 -1 0 4 0 2 -4 0 8 -9 -6 -5 -5 -2 2 3 3
4 3 -3 -3 -3 7 -9 -8 -7 -7 -6 -4 2 2 -2 3 4 -8 -4 -3 -2
3 1 -7 3 -10 -7 3 8 -10 -8 -8 -7 -3 -2 0 0
6 4 -6 -4 4 4 3 -2 1 3 2 -10 -9 9 -9 -9 -8 -3 -2 -1 2 3 4 4 -10 -7 -5 1 8 -10 -8 -1 0 1 1 2 2
3 4 -8 -7 -4 0 4 -10 -4 -2 4 6 -6 -5 -4 -1 0 2
6 8 -10 -10 -8 -4 -4 -2 0 3 5 -8 -5 -3 -2 1 4 -9 -9 0 1 9 -10 -8 -7 -4 -2 -1 -1 1 3 7 -7 -5 -2 0 0 3 3 9 -6 -5 -5 -3 -2 -1 0 1 4
1 6 -10 -10 -5 -3 -2 3
7 2 -9 4 5 -9 -8 -2 3 4 7 -9 -5 -3 -2 0 1 2 6 -7 -5 -3 -1 3 4 6 -10 -9 -6 -5 -4 2 2 -5 -5 7 -5 -4 -3 -2 0 2 3
2 1 -3 7 -10 -5 -2 0 0 1 2
9 2 -9 -1 5 -10 -9 -8 -3 -2 2 -6 -1 4 -10 -8 -7 0 4 -4 2 3 4 4 -10 -10 -7 -5 4 -7 -3 -2 4 7 -7 -6 -6 1 1 1 3 2 -2 3
6 3 -10 -5 -2 9 -10 -6 -5 -5 -3 1 2 4 4 6 -10 -9 -7 -1 -1 3 6 -8 -2 -1 1 3 3 2 -9 1 5 -8 -1 0 0 1
2 4 -4 -4 -4 1 2 -4 -1
91 81 -495 -480 -474 -474 -470 -467 -465 -447 -435 -426 -425 -423 -422 -420 -415 -411 -408 -398 -398 -387 -385 -381 -373 -373 -371 -370 -359 -342 -342 -335 -322 -317 -317 -317 -315 -309 -299 -293 -289 -282 -280 -277 -266 -264 -258 -246 -238 -237 -228 -219 -209 -204 -187 -175 -170 -164 -151 -150 -142 -136 -133 -132 -128 -112 -110 -107 -94 -92 -92 -92 -82 -79 -76 -73 -63 -62 -42 -34 -21 -12 -3 87 -499 -497 -491 -487 -484 -484 -477 -475 -474 -474 -464 -450 -438 -433 -427 -427 -412 -412 -401 -396 -379 -377 -370 -369 -363 -362 -362 -359 -352 -345 -335 -333 -316 -303 -299 -297 -291 -287 -285 -276 -272 -266 -264 -264 -238 -227 -224 -213 -211 -211 -209 -208 -208 -203 -201 -198 -192 -192 -188 -175 -148 -134 -131 -124 -119 -111 -110 -110 -105 -100 -96 -89 -87 -84 -75 -73 -32 -29 -25 -22 -14 -10 -10 -10 -7 -6 -5 81 -500 -499 -498 -497 -497 -495 -489 -480 -469 -463 -461 -461 -458 -437 -436 -431 -430 -408 -405 -399 -388 -384 -381 -376 -353 -350 -347 -329 -292 -289 -283 -280 -272 -252 -248 -238 -229 -229 -228 -220 -207 -204 -198 -196 -196 -195 -190 -186 -184 -169 -166 -160 -159 -155 -153 -152 -137 -134 -108 -101 -99 -99 -97 -88 -81 -80 -79 -79 -70 -61 -53 -50 -49 -48 -43 -39 -39 -34 -9 -3 -2 66 -496 -490 -453 -447 -446 -444 -444 -432 -426 -397 -385 -382 -366 -360 -350 -336 -332 -330 -327 -302 -298 -294 -273 -257 -257 -253 -239 -227 -223 -221 -220 -204 -203 -199 -192 -192 -188 -187 -186 -179 -172 -171 -148 -145 -145 -134 -130 -107 -95 -91 -88 -87 -87 -83 -54 -50 -47 -47 -45 -40 -33 -33 -16 -12 -11 -6 10 -473 -319 -313 -180 -156 -149 -46 -30 -26 -26 15 -454 -443 -442 -429 -404 -353 -321 -320 -254 -185 -146 -113 -30 -20 -18 0 60 -492 -476 -467 -458 -441 -437 -431 -430 -428 -426 -425 -423 -420 -407 -393 -389 -372 -369 -363 -357 -355 -349 -313 -305 -302 -302 -300 -292 -289 -287 -281 -277 -274 -273 -250 -216 -205 -204 -197 -190 -180 -179 -175 -169 -154 -146 -146 -134 -127 -124 -115 -95 -95 -87 -81 -70 -37 -31 -12 -10 83 -500 -500 -497 -497 -493 -490 -474 -463 -460 -453 -449 -441 -437 -433 -432 -429 -426 -424 -423 -419 -416 -415 -412 -388 -385 -381 -348 -318 -300 -299 -288 -286 -269 -267 -263 -263 -259 -257 -237 -236 -235 -235 -235 -226 -220 -219 -219 -216 -210 -205 -184 -182 -182 -179 -178 -170 -167 -164 -154 -152 -149 -148 -140 -134 -134 -119 -109 -104 -102 -101 -90 -81 -80 -73 -67 -63 -30 -19 -18 -13 -11 -5 -2 31 -479 -471 -467 -451 -449 -447 -427 -363 -350 -333 -297 -286 -253 -249 -226 -215 -198 -162 -120 -105 -83 -79 -67 -53 -27 -24 -15 -15 -12 -7 -3 95 -498 -498 -496 -490 -478 -477 -469 -458 -454 -450 -444 -432 -431 -427 -425 -422 -407 -399 -393 -392 -388 -385 -385 -383 -370 -365 -361 -357 -353 -337 -336 -332 -327 -307 -286 -283 -272 -266 -264 -263 -262 -255 -250 -246 -239 -231 -229 -220 -218 -212 -211 -210 -209 -208 -205 -204 -187 -186 -178 -178 -173 -168 -166 -158 -141 -139 -138 -122 -121 -107 -101 -95 -89 -89 -86 -69 -61 -55 -54 -52 -51 -48 -42 -41 -38 -35 -33 -31 -27 -26 -17 -16 -15 -9 -5 11 -459 -432 -414 -368 -286 -210 -195 -178 -177 -71 -52 10 -459 -421 -413 -390 -384 -339 -304 -277 -130 -118 22 -496 -489 -448 -438 -432 -410 -381 -363 -321 -292 -257 -237 -206 -203 -168 -160 -104 -91 -82 -73 -66 -11 51 -497 -487 -484 -475 -459 -453 -438 -427 -425 -424 -416 -415 -413 -402 -378 -372 -367 -362 -353 -351 -330 -315 -293 -281 -280 -275 -271 -268 -264 -252 -246 -242 -236 -223 -216 -214 -213 -201 -117 -116 -106 -92 -85 -68 -60 -57 -14 -11 -10 -9 -7 78 -495 -490 -486 -464 -460 -459 -438 -436 -433 -432 -415 -410 -403 -402 -389 -360 -357 -354 -350 -339 -327 -319 -315 -307 -307 -295 -293 -291 -290 -289 -287 -286 -282 -266 -260 -260 -255 -245 -227 -221 -219 -213 -211 -205 -203 -200 -199 -192 -181 -176 -174 -165 -164 -155 -139 -137 -134 -128 -128 -108 -102 -96 -90 -85 -80 -79 -72 -69 -61 -57 -55 -47 -26 -23 -22 -18 -8 -5 93 -498 -481 -478 -477 -476 -475 -471 -456 -454 -453 -448 -428 -424 -416 -415 -415 -402 -400 -394 -380 -379 -378 -375 -373 -361 -360 -354 -348 -336 -333 -332 -324 -322 -317 -316 -315 -307 -298 -294 -289 -287 -282 -274 -269 -264 -257 -253 -252 -252 -234 -234 -229 -226 -225 -223 -223 -221 -221 -216 -212 -211 -197 -196 -189 -188 -182 -181 -180 -168 -166 -166 -164 -132 -130 -130 -115 -107 -104 -101 -97 -92 -85 -80 -57 -50 -43 -43 -42 -42 -35 -34 -33 -23 29 -483 -464 -460 -432 -414 -411 -402 -391 -362 -314 -294 -272 -269 -240 -238 -197 -192 -187 -176 -141 -135 -131 -129 -114 -84 -56 -48 -17 -5 91 -498 -490 -488 -487 -483 -483 -476 -466 -455 -448 -443 -433 -424 -423 -422 -416 -416 -411 -410 -410 -409 -406 -405 -401 -392 -388 -380 -378 -365 -326 -326 -322 -319 -317 -315 -314 -301 -287 -270 -266 -251 -244 -237 -234 -221 -217 -202 -195 -192 -189 -185 -167 -164 -164 -160 -157 -149 -144 -141 -140 -140 -134 -121 -117 -116 -113 -104 -82 -78 -68 -66 -63 -63 -61 -60 -59 -50 -49 -47 -46 -35 -33 -30 -28 -27 -26 -25 -24 -13 -3 -2 2 -324 -11 90 -499 -496 -493 -491 -490 -488 -477 -460 -459 -456 -456 -442 -440 -431 -419 -412 -398 -397 -396 -392 -386 -386 -384 -376 -373 -369 -364 -360 -357 -352 -351 -334 -331 -326 -324 -321 -315 -312 -309 -307 -304 -288 -286 -267 -264 -257 -254 -242 -241 -239 -230 -227 -224 -212 -198 -197 -197 -193 -185 -184 -175 -168 -166 -165 -165 -163 -161 -158 -153 -150 -149 -139 -132 -110 -108 -100 -99 -87 -84 -82 -73 -70 -68 -60 -60 -33 -32 -24 -16 -13 60 -497 -496 -460 -458 -452 -447 -440 -437 -431 -428 -423 -419 -380 -349 -341 -334 -321 -313 -298 -276 -275 -256 -240 -237 -236 -230 -230 -228 -222 -218 -218 -210 -203 -200 -198 -190 -187 -167 -167 -161 -161 -145 -144 -133 -119 -96 -93 -71 -69 -56 -50 -39 -31 -30 -26 -17 -16 -14 -11 -10 53 -489 -485 -483 -471 -459 -445 -444 -430 -425 -423 -419 -416 -410 -406 -372 -358 -337 -327 -320 -319 -309 -300 -294 -267 -258 -236 -227 -224 -218 -208 -201 -192 -190 -187 -160 -150 -129 -129 -109 -106 -95 -75 -68 -67 -65 -59 -56 -55 -43 -37 -26 -22 -3 34 -492 -488 -472 -466 -461 -460 -459 -437 -426 -403 -392 -380 -376 -311 -270 -234 -234 -212 -188 -183 -169 -154 -152 -143 -142 -106 -103 -99 -96 -80 -78 -64 -31 -18 76 -487 -481 -474 -472 -471 -468 -455 -450 -447 -445 -445 -432 -429 -417 -398 -396 -387 -384 -374 -366 -362 -358 -356 -354 -342 -338 -325 -320 -315 -313 -311 -292 -291 -287 -271 -271 -270 -262 -246 -236 -235 -213 -208 -206 -204 -203 -198 -197 -196 -195 -192 -191 -190 -180 -164 -129 -129 -128 -126 -120 -113 -112 -92 -90 -85 -85 -80 -76 -65 -54 -53 -49 -31 -11 -10 -3 11 -492 -480 -454 -440 -216 -139 -50 -37 -23 -11 -1 83 -496 -495 -493 -490 -484 -481 -480 -476 -474 -452 -451 -447 -443 -435 -431 -429 -422 -396 -395 -380 -379 -373 -371 -369 -368 -364 -364 -361 -333 -330 -330 -321 -302 -293 -280 -276 -273 -249 -248 -247 -242 -236 -231 -230 -228 -219 -209 -207 -197 -189 -188 -185 -182 -172 -166 -143 -143 -138 -135 -134 -131 -129 -129 -128 -126 -123 -119 -97 -81 -72 -64 -59 -59 -50 -44 -29 -21 -10 -7 -6 -4 -2 -2 64 -486 -476 -475 -465 -459 -455 -453 -444 -437 -416 -390 -388 -387 -383 -363 -359 -344 -343 -333 -332 -328 -327 -305 -305 -275 -270 -269 -268 -262 -260 -251 -243 -236 -236 -225 -221 -221 -220 -203 -185 -176 -160 -152 -150 -148 -142 -141 -137 -124 -121 -115 -108 -96 -86 -71 -65 -58 -58 -56 -49 -42 -10 -8 -6 95 -487 -486 -484 -478 -475 -472 -468 -466 -464 -463 -454 -442 -441 -432 -430 -430 -423 -420 -389 -388 -383 -371 -368 -364 -361 -346 -343 -341 -341 -340 -338 -335 -330 -321 -320 -319 -314 -302 -292 -285 -284 -281 -280 -278 -273 -271 -263 -256 -256 -241 -236 -230 -217 -206 -190 -185 -174 -169 -168 -167 -166 -166 -156 -152 -151 -149 -148 -144 -126 -123 -123 -117 -109 -100 -98 -92 -91 -89 -87 -84 -82 -74 -64 -63 -62 -49 -45 -43 -43 -38 -35 -29 -17 -16 -11 41 -494 -494 -493 -492 -478 -477 -451 -446 -434 -401 -377 -364 -353 -351 -349 -309 -271 -254 -241 -233 -226 -222 -199 -189 -182 -173 -161 -151 -135 -127 -119 -97 -96 -95 -91 -77 -57 -46 -33 -26 -18 1 -405 79 -493 -486 -482 -475 -473 -470 -467 -466 -466 -460 -458 -457 -452 -451 -448 -445 -444 -438 -414 -407 -406 -402 -397 -381 -361 -345 -336 -320 -315 -315 -312 -302 -299 -284 -277 -274 -258 -257 -251 -249 -244 -241 -234 -224 -222 -221 -220 -215 -209 -188 -184 -178 -168 -163 -154 -143 -137 -136 -131 -127 -112 -110 -104 -101 -90 -87 -86 -80 -73 -53 -50 -48 -43 -28 -24 -15 -14 -7 -1 93 -500 -498 -488 -485 -466 -464 -461 -459 -450 -445 -439 -432 -406 -389 -386 -383 -376 -364 -355 -352 -340 -340 -331 -326 -326 -325 -324 -320 -315 -303 -298 -294 -293 -280 -272 -265 -263 -255 -253 -252 -251 -245 -244 -239 -232 -228 -223 -223 -216 -212 -208 -206 -205 -202 -195 -193 -184 -179 -169 -167 -164 -158 -156 -154 -154 -145 -140 -129 -126 -121 -119 -99 -96 -93 -88 -88 -88 -79 -74 -74 -74 -59 -58 -57 -46 -46 -42 -33 -31 -31 -19 -10 -8 58 -499 -492 -479 -472 -471 -456 -448 -441 -440 -440 -437 -437 -428 -425 -404 -397 -392 -388 -384 -379 -376 -369 -355 -350 -322 -303 -300 -290 -276 -247 -239 -233 -224 -223 -210 -208 -183 -182 -179 -176 -169 -161 -157 -142 -141 -138 -98 -97 -91 -88 -83 -76 -75 -48 -33 -32 -29 -13 95 -498 -497 -495 -490 -490 -488 -476 -466 -464 -462 -457 -450 -445 -442 -442 -440 -439 -437 -427 -419 -419 -416 -414 -407 -403 -396 -391 -382 -372 -369 -364 -358 -355 -354 -353 -348 -334 -332 -306 -299 -296 -294 -290 -287 -283 -274 -273 -273 -267 -260 -254 -244 -235 -233 -233 -218 -218 -210 -209 -204 -197 -186 -184 -178 -178 -169 -166 -166 -163 -155 -154 -153 -150 -148 -148 -144 -143 -140 -129 -125 -125 -124 -90 -82 -80 -69 -56 -44 -43 -41 -31 -15 -4 -2 -1 98 -492 -487 -486 -482 -474 -474 -469 -454 -450 -443 -440 -426 -424 -411 -406 -403 -401 -398 -372 -368 -366 -361 -355 -348 -347 -346 -342 -342 -336 -321 -308 -308 -305 -297 -292 -292 -288 -287 -286 -286 -282 -274 -272 -267 -266 -262 -256 -250 -247 -241 -232 -230 -227 -225 -222 -221 -220 -218 -215 -206 -196 -193 -186 -184 -182 -180 -173 -172 -165 -163 -156 -152 -146 -132 -123 -121 -116 -116 -113 -110 -108 -93 -90 -90 -85 -85 -71 -70 -70 -56 -54 -54 -52 -39 -35 -31 -27 -5 98 -500 -492 -487 -481 -480 -480 -480 -478 -451 -444 -443 -438 -423 -416 -411 -411 -406 -406 -397 -387 -384 -381 -376 -375 -366 -364 -347 -345 -345 -340 -339 -339 -335 -322 -320 -318 -310 -310 -301 -296 -291 -289 -283 -282 -281 -271 -270 -264 -262 -257 -257 -256 -251 -236 -233 -230 -229 -224 -209 -191 -186 -185 -179 -167 -164 -161 -160 -152 -144 -142 -141 -134 -131 -126 -121 -116 -108 -103 -99 -96 -95 -95 -92 -80 -77 -75 -66 -65 -45 -44 -44 -41 -37 -34 -31 -19 -14 -6 89 -493 -490 -476 -473 -464 -459 -455 -453 -450 -433 -431 -430 -421 -414 -414 -381 -380 -378 -367 -356 -350 -339 -335 -330 -328 -327 -324 -323 -320 -316 -313 -309 -309 -306 -305 -304 -303 -297 -291 -289 -287 -284 -281 -276 -269 -269 -259 -247 -246 -224 -224 -219 -215 -212 -197 -190 -177 -157 -156 -152 -150 -146 -140 -137 -136 -135 -134 -126 -121 -108 -94 -90 -86 -82 -79 -72 -68 -64 -62 -59 -55 -53 -39 -37 -29 -22 -19 -17 -17 2 -273 -227 87 -498 -493 -488 -485 -479 -473 -470 -467 -467 -466 -463 -462 -459 -455 -451 -439 -424 -412 -411 -399 -384 -381 -370 -366 -360 -355 -352 -344 -343 -337 -327 -327 -324 -314 -309 -291 -289 -282 -264 -263 -258 -254 -245 -243 -240 -233 -225 -224 -222 -216 -212 -211 -205 -205 -197 -196 -184 -168 -166 -156 -150 -143 -140 -138 -125 -120 -119 -118 -110 -108 -106 -102 -101 -91 -89 -84 -79 -77 -55 -55 -50 -28 -28 -9 -6 -6 -3 50 -497 -475 -471 -465 -457 -441 -439 -438 -426 -417 -413 -408 -392 -392 -366 -355 -352 -342 -337 -325 -322 -293 -270 -267 -260 -242 -230 -203 -196 -193 -188 -177 -170 -162 -142 -132 -129 -128 -116 -111 -102 -97 -86 -86 -68 -67 -47 -33 -27 -25 45 -487 -475 -465 -463 -455 -447 -436 -420 -420 -412 -408 -377 -369 -350 -346 -338 -334 -332 -279 -279 -264 -258 -254 -205 -198 -197 -195 -183 -152 -152 -139 -138 -130 -127 -99 -75 -65 -63 -62 -57 -57 -44 -38 -32 -25 43 -493 -479 -459 -445 -437 -426 -418 -405 -400 -391 -385 -383 -378 -365 -343 -326 -310 -278 -266 -261 -244 -243 -231 -223 -203 -198 -191 -183 -168 -164 -160 -148 -143 -139 -129 -129 -101 -91 -70 -66 -53 -52 -14 48 -490 -481 -479 -467 -465 -448 -444 -441 -440 -433 -430 -427 -423 -415 -399 -379 -375 -364 -352 -345 -336 -329 -329 -325 -322 -316 -306 -297 -268 -263 -258 -238 -232 -197 -187 -179 -174 -172 -143 -131 -115 -101 -85 -68 -54 -48 -20 -6 75 -485 -466 -457 -444 -441 -426 -410 -406 -405 -391 -390 -381 -378 -376 -372 -362 -358 -353 -350 -349 -336 -329 -324 -324 -324 -308 -300 -298 -282 -267 -262 -223 -222 -222 -219 -208 -206 -199 -188 -186 -186 -178 -177 -175 -171 -169 -168 -159 -159 -157 -150 -149 -138 -132 -128 -126 -119 -116 -107 -105 -99 -84 -83 -82 -57 -57 -42 -42 -35 -30 -29 -22 -19 -18 -16 24 -499 -470 -469 -413 -377 -375 -373 -362 -352 -339 -325 -324 -323 -303 -301 -223 -173 -137 -110 -104 -94 -83 -47 -2 60 -484 -472 -458 -447 -446 -418 -410 -407 -394 -391 -351 -349 -346 -337 -317 -313 -308 -292 -285 -281 -274 -265 -262 -261 -255 -243 -228 -224 -223 -223 -211 -199 -199 -192 -165 -164 -163 -155 -155 -137 -133 -130 -123 -122 -119 -95 -89 -76 -68 -60 -59 -48 -40 -39 -39 -38 -37 -37 -10 -1 45 -498 -495 -486 -471 -469 -449 -441 -438 -402 -384 -379 -364 -352 -351 -345 -345 -333 -330 -327 -325 -303 -273 -263 -262 -241 -227 -195 -183 -183 -173 -156 -155 -110 -102 -87 -83 -81 -77 -74 -70 -67 -65 -52 -41 -28 24 -489 -461 -446 -372 -354 -327 -322 -299 -274 -239 -223 -211 -184 -183 -181 -179 -178 -151 -102 -97 -74 -56 -47 -20 13 -496 -491 -410 -382 -379 -295 -242 -214 -210 -138 -60 -45 -28 19 -496 -472 -464 -452 -438 -359 -348 -320 -283 -245 -194 -182 -174 -162 -152 -116 -72 -61 -38 0 60 -493 -493 -485 -480 -460 -452 -437 -435 -404 -394 -385 -385 -366 -366 -330 -329 -328 -326 -315 -312 -309 -300 -293 -266 -262 -247 -238 -233 -215 -204 -188 -185 -176 -166 -159 -158 -153 -140 -137 -130 -130 -127 -127 -127 -123 -120 -116 -103 -101 -88 -83 -81 -75 -68 -67 -55 -47 -47 -22 -7 67 -489 -473 -470 -469 -464 -463 -451 -451 -448 -445 -445 -440 -440 -432 -425 -423 -412 -399 -362 -360 -358 -348 -344 -340 -340 -337 -329 -319 -315 -315 -302 -285 -281 -279 -272 -250 -247 -238 -220 -219 -203 -201 -195 -182 -173 -162 -156 -152 -151 -146 -145 -142 -135 -119 -108 -103 -102 -98 -87 -71 -61 -56 -53 -43 -35 -28 -6 76 -495 -474 -464 -457 -456 -451 -449 -441 -422 -421 -412 -408 -386 -380 -375 -372 -344 -344 -325 -322 -320 -320 -319 -316 -298 -293 -282 -273 -269 -260 -248 -246 -244 -236 -224 -222 -216 -216 -210 -207 -203 -199 -199 -188 -186 -177 -176 -167 -167 -166 -165 -161 -160 -150 -145 -144 -144 -139 -135 -132 -123 -113 -112 -103 -75 -53 -45 -34 -28 -24 -24 -21 -17 -15 -4 -2 63 -500 -500 -487 -476 -475 -467 -461 -441 -425 -421 -414 -413 -394 -390 -377 -367 -366 -364 -359 -354 -336 -331 -324 -310 -308 -308 -303 -299 -295 -277 -246 -235 -233 -226 -225 -223 -207 -198 -191 -160 -157 -151 -145 -142 -137 -137 -133 -132 -110 -102 -92 -78 -62 -55 -43 -40 -38 -36 -26 -22 -17 -11 -3 73 -480 -465 -459 -453 -438 -435 -425 -416 -410 -407 -400 -398 -397 -389 -385 -384 -377 -371 -360 -351 -335 -316 -314 -308 -302 -299 -298 -295 -278 -277 -276 -274 -274 -249 -233 -232 -230 -225 -216 -199 -198 -196 -164 -162 -150 -150 -149 -145 -144 -120 -119 -117 -113 -108 -103 -103 -95 -86 -83 -76 -75 -69 -56 -55 -51 -44 -35 -34 -32 -28 -27 -27 -8 79 -497 -491 -490 -477 -475 -474 -469 -461 -454 -446 -444 -444 -443 -416 -413 -403 -398 -398 -386 -380 -378 -375 -367 -358 -354 -342 -327 -326 -324 -323 -322 -317 -299 -296 -287 -284 -284 -281 -278 -278 -270 -254 -250 -246 -245 -242 -237 -229 -229 -225 -205 -204 -200 -196 -196 -191 -185 -151 -143 -140 -131 -124 -117 -115 -111 -110 -89 -84 -76 -72 -70 -65 -54 -47 -45 -40 -34 -33 -10 68 -500 -497 -489 -483 -476 -470 -467 -466 -462 -460 -451 -442 -439 -438 -430 -428 -422 -417 -405 -399 -395 -395 -377 -377 -376 -371 -369 -366 -351 -327 -318 -295 -294 -292 -289 -285 -282 -279 -269 -263 -259 -237 -228 -207 -201 -174 -171 -167 -159 -159 -158 -158 -155 -138 -132 -122 -113 -107 -89 -89 -85 -81 -53 -40 -22 -19 -13 -6 99 -500 -496 -483 -474 -473 -471 -462 -461 -456 -447 -446 -428 -426 -425 -423 -422 -421 -404 -397 -392 -386 -384 -377 -372 -367 -363 -363 -359 -357 -354 -354 -332 -324 -318 -317 -316 -315 -313 -295 -284 -283 -278 -264 -263 -257 -250 -245 -244 -238 -233 -220 -220 -217 -217 -215 -215 -203 -191 -191 -189 -188 -185 -182 -179 -178 -177 -176 -173 -172 -171 -154 -151 -151 -145 -142 -142 -139 -139 -136 -133 -128 -121 -104 -71 -58 -56 -50 -48 -48 -45 -43 -41 -27 -20 -20 -16 -9 -5 -2 43 -491 -483 -478 -477 -416 -410 -405 -402 -343 -342 -341 -341 -283 -274 -260 -242 -236 -231 -215 -208 -200 -182 -173 -172 -166 -163 -145 -114 -99 -98 -89 -70 -69 -62 -61 -52 -50 -43 -32 -31 -29 -17 -9 72 -489 -484 -483 -482 -473 -472 -457 -448 -445 -437 -432 -417 -416 -409 -407 -404 -396 -392 -373 -373 -363 -362 -352 -330 -302 -297 -295 -284 -278 -277 -272 -246 -246 -241 -232 -225 -223 -220 -217 -204 -197 -197 -193 -182 -180 -176 -163 -160 -139 -135 -130 -121 -120 -113 -113 -112 -89 -75 -69 -66 -66 -64 -63 -59 -49 -45 -43 -20 -20 -19 -18 -3 36 -470 -455 -445 -428 -415 -381 -375 -370 -349 -332 -275 -271 -259 -258 -250 -211 -203 -198 -197 -196 -190 -161 -157 -100 -97 -86 -79 -61 -46 -43 -41 -40 -37 -31 -30 -12 36 -487 -472 -455 -442 -427 -416 -397 -370 -351 -348 -347 -344 -334 -318 -307 -301 -253 -236 -223 -222 -222 -177 -163 -137 -103 -85 -84 -84 -76 -73 -59 -47 -40 -32 -27 -26 77 -495 -488 -478 -472 -472 -461 -461 -460 -457 -442 -441 -438 -436 -434 -417 -416 -412 -409 -393 -386 -385 -384 -383 -379 -377 -360 -360 -358 -328 -320 -313 -311 -302 -289 -285 -274 -272 -268 -265 -261 -256 -253 -250 -249 -243 -240 -229 -228 -214 -209 -184 -182 -177 -176 -172 -170 -160 -151 -144 -136 -113 -104 -98 -91 -87 -78 -77 -72 -72 -46 -44 -44 -36 -33 -30 -24 -9 89 -488 -481 -479 -474 -474 -473 -459 -459 -458 -447 -440 -433 -424 -413 -396 -394 -391 -391 -387 -381 -379 -377 -363 -357 -349 -344 -344 -339 -338 -336 -318 -317 -316 -306 -290 -286 -281 -267 -257 -255 -252 -248 -236 -230 -229 -225 -224 -220 -219 -219 -204 -200 -199 -197 -196 -195 -193 -179 -175 -172 -169 -166 -162 -161 -158 -156 -154 -153 -134 -125 -112 -108 -100 -96 -75 -71 -63 -55 -54 -31 -28 -23 -23 -19 -18 -16 -12 -5 -3 60 -496 -496 -488 -471 -452 -450 -445 -444 -434 -433 -433 -427 -424 -416 -415 -404 -401 -389 -372 -365 -364 -342 -330 -322 -321 -289 -280 -271 -268 -263 -255 -252 -250 -207 -200 -195 -168 -167 -166 -162 -160 -156 -139 -134 -122 -119 -119 -102 -82 -71 -67 -65 -63 -58 -53 -46 -24 -14 -11 -10 68 -497 -495 -491 -472 -471 -466 -463 -460 -457 -442 -436 -428 -423 -412 -396 -393 -387 -381 -373 -367 -347 -336 -331 -327 -321 -317 -313 -305 -290 -289 -280 -266 -262 -251 -239 -228 -221 -213 -210 -209 -196 -185 -177 -157 -155 -150 -149 -144 -136 -136 -130 -121 -113 -82 -66 -65 -57 -43 -34 -33 -30 -25 -23 -23 -15 -9 -6 -3 30 -489 -487 -482 -467 -466 -450 -449 -435 -428 -393 -387 -374 -365 -362 -353 -326 -322 -315 -292 -274 -264 -249 -247 -192 -146 -112 -87 -74 -35 -26 33 -473 -452 -449 -443 -409 -402 -392 -383 -382 -361 -341 -310 -306 -281 -220 -193 -188 -177 -173 -167 -156 -155 -123 -116 -107 -96 -70 -59 -55 -46 -32 -30 -10 67 -494 -494 -483 -475 -474 -465 -460 -457 -453 -451 -449 -446 -430 -412 -412 -402 -397 -393 -366 -355 -348 -343 -333 -319 -305 -300 -298 -291 -288 -283 -280 -280 -271 -240 -210 -204 -203 -192 -190 -181 -177 -176 -169 -157 -153 -152 -152 -149 -149 -148 -142 -134 -127 -127 -119 -113 -112 -103 -82 -66 -45 -40 -30 -10 -9 -3 -1 29 -494 -487 -475 -474 -463 -458 -450 -447 -430 -379 -345 -327 -319 -263 -254 -225 -187 -175 -175 -172 -164 -156 -139 -127 -122 -115 -108 -67 -13 48 -484 -480 -468 -457 -432 -431 -431 -425 -417 -415 -382 -377 -370 -360 -358 -338 -332 -322 -299 -268 -247 -241 -221 -218 -196 -195 -194 -179 -177 -172 -164 -148 -145 -130 -104 -102 -91 -90 -86 -85 -85 -79 -76 -65 -54 -36 -18 -4 66 -482 -480 -474 -466 -461 -451 -451 -439 -430 -428 -418 -416 -401 -390 -386 -386 -369 -365 -358 -356 -343 -331 -314 -304 -291 -281 -271 -257 -243 -219 -206 -204 -192 -181 -178 -170 -168 -157 -155 -155 -151 -149 -148 -146 -135 -134 -129 -112 -102 -92 -90 -88 -82 -75 -62 -51 -35 -32 -22 -22 -21 -16 -16 -15 -13 -1 44 -452 -438 -434 -432 -431 -429 -423 -412 -392 -389 -384 -374 -368 -362 -348 -345 -304 -274 -261 -258 -255 -246 -236 -205 -186 -169 -149 -147 -141 -137 -135 -133 -130 -128 -115 -103 -76 -73 -39 -37 -21 -12 -7 -4 87 -499 -495 -491 -480 -469 -465 -454 -453 -448 -432 -427 -421 -419 -413 -399 -377 -371 -368 -367 -364 -346 -339 -318 -314 -302 -290 -287 -283 -281 -280 -279 -275 -274 -268 -266 -259 -254 -246 -238 -226 -226 -210 -207 -206 -202 -187 -187 -186 -185 -178 -174 -174 -170 -169 -167 -163 -154 -151 -145 -130 -123 -121 -112 -108 -107 -97 -97 -95 -89 -84 -77 -77 -69 -63 -60 -58 -49 -44 -43 -31 -30 -26 -18 -16 -15 -13 -5 43 -460 -456 -451 -449 -436 -433 -411 -400 -387 -371 -366 -346 -334 -303 -273 -255 -240 -236 -222 -211 -197 -196 -192 -179 -166 -163 -149 -146 -120 -116 -85 -71 -57 -43 -43 -41 -38 -29 -19 -19 -15 -12 -6 11 -459 -269 -255 -220 -189 -150 -77 -42 -32 -26 -23 5 -479 -386 -337 -161 -87 21 -492 -468 -465 -455 -408 -407 -358 -336 -321 -278 -219 -217 -193 -132 -106 -99 -91 -55 -13 -12 -8 3 -392 -198 -132 17 -494 -488 -481 -435 -420 -379 -372 -299 -259 -248 -244 -238 -215 -212 -200 -123 -77 65 -499 -491 -491 -484 -472 -467 -464 -459 -436 -431 -421 -420 -416 -393 -390 -386 -384 -363 -361 -353 -352 -351 -351 -328 -324 -324 -323 -318 -310 -300 -252 -252 -237 -232 -211 -209 -209 -204 -190 -189 -184 -175 -169 -168 -167 -166 -150 -149 -137 -131 -127 -125 -104 -89 -73 -70 -68 -66 -63 -57 -49 -46 -21 -19 -2 42 -499 -488 -475 -461 -443 -441 -421 -420 -411 -408 -408 -386 -381 -351 -351 -345 -344 -342 -325 -301 -294 -264 -263 -261 -253 -245 -241 -217 -212 -205 -173 -169 -163 -141 -136 -130 -128 -126 -117 -62 -27 -11 22 -474 -455 -445 -437 -409 -381 -319 -305 -282 -273 -246 -245 -225 -178 -156 -149 -119 -118 -104 -99 -59 -25 48 -494 -482 -465 -426 -396 -390 -379 -368 -367 -363 -358 -341 -334 -332 -324 -323 -320 -318 -314 -307 -292 -284 -278 -267 -237 -232 -222 -218 -211 -208 -178 -176 -173 -164 -160 -160 -141 -131 -127 -114 -101 -89 -85 -80 -51 -35 -15 -9 60 -493 -479 -468 -467 -462 -445 -443 -423 -421 -412 -405 -404 -402 -396 -390 -381 -378 -377 -368 -367 -357 -349 -335 -293 -292 -283 -283 -267 -257 -253 -242 -240 -226 -215 -203 -203 -201 -189 -187 -182 -169 -161 -153 -150 -141 -135 -130 -124 -112 -95 -92 -84 -46 -43 -38 -36 -32 -20 -14 -2 41 -499 -496 -493 -471 -467 -461 -460 -453 -438 -424 -401 -395 -392 -369 -361 -338 -333 -319 -317 -310 -293 -292 -286 -278 -248 -246 -245 -242 -240 -198 -190 -147 -128 -127 -115 -102 -73 -35 -18 -14 -4 61 -496 -492 -489 -480 -475 -454 -448 -443 -440 -435 -427 -427 -421 -420 -404 -400 -398 -392 -391 -357 -352 -350 -339 -332 -304 -291 -283 -283 -269 -265 -239 -226 -215 -212 -210 -196 -193 -192 -178 -158 -153 -146 -143 -143 -141 -122 -108 -96 -90 -87 -87 -72 -71 -67 -60 -55 -51 -27 -20 -18 -2 13 -486 -443 -412 -389 -315 -241 -233 -195 -193 -173 -111 -45 -26 46 -490 -489 -476 -460 -452 -437 -423 -418 -408 -400 -381 -371 -364 -357 -349 -345 -329 -325 -316 -313 -311 -310 -294 -294 -278 -263 -260 -251 -242 -234 -233 -215 -214 -199 -183 -168 -144 -128 -118 -71 -66 -43 -42 -29 -21 -11
6 417 -4999 -4982 -4978 -4974 -4964 -4960 -4952 -4924 -4890 -4883 -4860 -4855 -4854 -4836 -4819 -4814 -4812 -4803 -4768 -4729 -4721 -4711 -4685 -4643 -4627 -4624 -4617 -4617 -4611 -4608 -4601 -4600 -4594 -4547 -4543 -4539 -4484 -4427 -4426 -4412 -4412 -4379 -4374 -4371 -4365 -4352 -4337 -4318 -4311 -4285 -4274 -4261 -4250 -4245 -4242 -4223 -4197 -4193 -4167 -4153 -4146 -4134 -4133 -4119 -4090 -4089 -4071 -4070 -4067 -4056 -4054 -4016 -4015 -3988 -3987 -3977 -3967 -3963 -3940 -3935 -3931 -3926 -3914 -3912 -3903 -3902 -3901 -3895 -3886 -3884 -3870 -3862 -3858 -3851 -3814 -3809 -3807 -3807 -3788 -3787 -3786 -3783 -3779 -3763 -3762 -3749 -3720 -3672 -3657 -3642 -3637 -3617 -3609 -3593 -3582 -3572 -3559 -3555 -3547 -3538 -3530 -3509 -3507 -3473 -3460 -3454 -3454 -3453 -3453 -3452 -3428 -3413 -3403 -3398 -3367 -3363 -3352 -3351 -3349 -3345 -3338 -3333 -3325 -3318 -3301 -3291 -3269 -3269 -3262 -3256 -3232 -3222 -3222 -3215 -3187 -3186 -3159 -3140 -3127 -3116 -3092 -3077 -3054 -3050 -3047 -3039 -3024 -3000 -2996 -2990 -2989 -2975 -2972 -2965 -2954 -2925 -2898 -2897 -2896 -2892 -2891 -2881 -2880 -2879 -2863 -2855 -2842 -2809 -2788 -2776 -2775 -2773 -2770 -2763 -2762 -2739 -2735 -2718 -2684 -2680 -2649 -2643 -2641 -2603 -2601 -2573 -2570 -2565 -2564 -2540 -2538 -2532 -2531 -2521 -2521 -2512 -2511 -2504 -2494 -2494 -2487 -2485 -2451 -2439 -2423 -2406 -2402 -2373 -2372 -2345 -2343 -2333 -2319 -2314 -2300 -2279 -2276 -2245 -2239 -2193 -2184 -2182 -2169 -2165 -2150 -2148 -2120 -2114 -2112 -2082 -2072 -2067 -2050 -2044 -2022 -2016 -2008 -2008 -1989 -1987 -1975 -1972 -1970 -1954 -1938 -1930 -1926 -1925 -1904 -1903 -1886 -1885 -1885 -1879 -1869 -1805 -1789 -1766 -1738 -1719 -1708 -1708 -1697 -1686 -1681 -1664 -1634 -1629 -1613 -1586 -1577 -1547 -1538 -1505 -1444 -1352 -1351 -1339 -1332 -1327 -1299 -1283 -1282 -1282 -1273 -1265 -1243 -1239 -1199 -1199 -1177 -1146 -1144 -1143 -1140 -1128 -1119 -1069 -1066 -1054 -1054 -1038 -1029 -1023 -995 -993 -993 -976 -972 -955 -948 -948 -912 -902 -895 -892 -891 -885 -876 -874 -864 -858 -843 -817 -815 -814 -811 -805 -802 -800 -768 -753 -739 -728 -715 -695 -688 -676 -641 -637 -631 -625 -618 -616 -594 -592 -577 -575 -570 -559 -556 -542 -510 -510 -505 -504 -472 -468 -440 -432 -430 -418 -397 -378 -371 -365 -354 -347 -345 -339 -331 -308 -301 -287 -279 -276 -266 -265 -263 -233 -220 -216 -184 -176 -160 -159 -154 -145 -138 -135 -134 -127 -83 -37 -18 -6 -1 140 -4963 -4908 -4869 -4830 -4798 -4793 -4735 -4730 -4712 -4710 -4661 -4608 -4497 -4495 -4421 -4383 -4322 -4320 -4238 -4195 -4192 -4188 -4105 -4020 -4012 -3922 -3886 -3868 -3847 -3839 -3807 -3805 -3793 -3784 -3755 -3752 -3695 -3681 -3602 -3589 -3585 -3569 -3521 -3454 -3452 -3406 -3310 -3300 -3296 -3224 -3190 -3188 -3168 -3162 -3141 -3134 -3045 -3042 -3020 -2918 -2856 -2814 -2777 -2772 -2762 -2733 -2724 -2679 -2626 -2503 -2447 -2439 -2369 -2361 -2282 -2232 -2232 -2219 -2173 -2159 -2146 -2133 -2133 -2093 -2089 -2087 -2019 -1943 -1882 -1871 -1869 -1826 -1820 -1753 -1700 -1678 -1659 -1622 -1546 -1520 -1498 -1475 -1472 -1443 -1375 -1228 -1217 -1188 -1165 -1061 -1013 -979 -942 -924 -903 -835 -736 -710 -679 -656 -645 -612 -609 -603 -581 -565 -545 -520 -506 -461 -447 -386 -374 -317 -297 -99 -64 -45 -35 -28 238 -4997 -4971 -4966 -4959 -4949 -4940 -4895 -4823 -4792 -4781 -4756 -4745 -4698 -4690 -4657 -4618 -4598 -4511 -4482 -4481 -4456 -4453 -4446 -4446 -4441 -4419 -4405 -4381 -4375 -4354 -4325 -4317 -4300 -4265 -4261 -4258 -4193 -4185 -4183 -4162 -4153 -4143 -4118 -4117 -4102 -4091 -4088 -4085 -4079 -4044 -4038 -3996 -3985 -3957 -3950 -3890 -3888 -3885 -3826 -3822 -3819 -3816 -3814 -3812 -3805 -3801 -3789 -3746 -3711 -3645 -3644 -3636 -3622 -3619 -3614 -3605 -3559 -3543 -3522 -3483 -3446 -3426 -3422 -3407 -3397 -3396 -3364 -3316 -3295 -3271 -3270 -3245 -3228 -3215 -3197 -3164 -3163 -3161 -3082 -3070 -3060 -3043 -3028 -3006 -2997 -2972 -2947 -2942 -2842 -2838 -2802 -2779 -2752 -2726 -2705 -2655 -2652 -2647 -2576 -2530 -2512 -2510 -2454 -2390 -2350 -2311 -2210 -2202 -2199 -2163 -2114 -2113 -2098 -2084 -2083 -2072 -2042 -2035 -2032 -1993 -1975 -1971 -1952 -1921 -1916 -1873 -1859 -1855 -1853 -1849 -1845 -1829 -1829 -1808 -1792 -1791 -1781 -1771 -1757 -1715 -1637 -1628 -1617 -1606 -1600 -1566 -1552 -1540 -1540 -1538 -1528 -1524 -1515 -1512 -1462 -1406 -1400 -1396 -1356 -1328 -1313 -1269 -1173 -1167 -1108 -1100 -1046 -1044 -1041 -1016 -1011 -1011 -986 -954 -921 -832 -829 -812 -796 -792 -789 -783 -737 -691 -679 -676 -661 -631 -590 -588 -581 -511 -501 -460 -441 -428 -380 -373 -352 -343 -331 -313 -312 -304 -269 -239 -188 -164 -139 -137 -134 -125 -121 -101 -97 -75 -25 -6 499 -5000 -4995 -4977 -4973 -4968 -4961 -4956 -4904 -4897 -4894 -4879 -4870 -4857 -4856 -4852 -4839 -4829 -4827 -4820 -4816 -4811 -4806 -4803 -4802 -4786 -4785 -4783 -4769 -4761 -4737 -4696 -4677 -4673 -4672 -4663 -4656 -4634 -4611 -4609 -4606 -4586 -4582 -4568 -4558 -4544 -4538 -4538 -4518 -4507 -4503 -4482 -4458 -4451 -4441 -4439 -4429 -4429 -4428 -4419 -4406 -4397 -4378 -4378 -4374 -4371 -4366 -4359 -4339 -4327 -4325 -4320 -4275 -4268 -4265 -4247 -4243 -4240 -4238 -4225 -4216 -4213 -4211 -4198 -4193 -4189 -4180 -4177 -4136 -4099 -4087 -4064 -4060 -4040 -4025 -4017 -4009 -4004 -3999 -3988 -3984 -3983 -3974 -3973 -3964 -3959 -3946 -3943 -3934 -3932 -3929 -3901 -3900 -3895 -3889 -3879 -3877 -3875 -3867 -3857 -3838 -3811 -3811 -3803 -3802 -3795 -3787 -3775 -3741 -3733 -3725 -3713 -3713 -3704 -3703 -3692 -3681 -3668 -3650 -3635 -3630 -3618 -3616 -3606 -3604 -3559 -3556 -3549 -3534 -3528 -3524 -3521 -3519 -3505 -3502 -3501 -3495 -3485 -3470 -3468 -3456 -3455 -3438 -3420 -3417 -3414 -3409 -3395 -3387 -3381 -3369 -3365 -3362 -3358 -3310 -3306 -3298 -3290 -3278 -3261 -3258 -3256 -3246 -3237 -3222 -3181 -3163 -3142 -3130 -3127 -3124 -3121 -3113 -3062 -3050 -3045 -3039 -3038 -3019 -3007 -3000 -2998 -2998 -2965 -2965 -2963 -2957 -2923 -2922 -2906 -2892 -2890 -2883 -2881 -2870 -2858 -2832 -2804 -2799 -2792 -2788 -2775 -2770 -2765 -2760 -2752 -2745 -2721 -2717 -2714 -2710 -2709 -2702 -2690 -2686 -2684 -2683 -2678 -2675 -2664 -2656 -2651 -2607 -2601 -2595 -2585 -2570 -2567 -2558 -2558 -2553 -2538 -2526 -2523 -2523 -2513 -2513 -2500 -2491 -2482 -2469 -2466 -2466 -2441 -2439 -2434 -2398 -2390 -2368 -2363 -2348 -2317 -2315 -2312 -2310 -2309 -2305 -2303 -2298 -2289 -2257 -2248 -2222 -2217 -2210 -2203 -2196 -2194 -2188 -2186 -2165 -2144 -2134 -2095 -2086 -2085 -2082 -2075 -2073 -2062 -2061 -2053 -2045 -2035 -1999 -1989 -1973 -1964 -1954 -1951 -1930 -1916 -1911 -1910 -1906 -1906 -1903 -1892 -1872 -1867 -1863 -1843 -1840 -1824 -1804 -1778 -1775 -1760 -1751 -1694 -1679 -1646 -1595 -1574 -1562 -1547 -1543 -1541 -1531 -1523 -1521 -1512 -1508 -1491 -1483 -1481 -1477 -1475 -1474 -1452 -1426 -1418 -1410 -1391 -1388 -1375 -1369 -1355 -1343 -1321 -1301 -1298 -1279 -1268 -1264 -1262 -1242 -1241 -1225 -1223 -1220 -1206 -1205 -1203 -1202 -1187 -1164 -1131 -1115 -1114 -1112 -1109 -1108 -1107 -1103 -1101 -1081 -1078 -1077 -1074 -1066 -1065 -1042 -1015 -1008 -1005 -973 -972 -966 -951 -945 -938 -924 -903 -896 -885 -885 -880 -875 -870 -837 -831 -811 -807 -789 -756 -742 -742 -716 -713 -701 -700 -687 -677 -671 -651 -651 -646 -642 -619 -614 -612 -611 -610 -598 -597 -594 -587 -578 -575 -550 -541 -540 -530 -504 -479 -441 -438 -436 -431 -419 -400 -389 -367 -364 -358 -354 -354 -352 -340 -335 -322 -321 -320 -310 -301 -290 -284 -274 -272 -262 -242 -232 -226 -221 -196 -194 -193 -191 -170 -164 -143 -129 -127 -120 -112 -98 -93 -87 -83 -80 -60 -53 -50 -49 -18 -17 -10 -5 -5 393 -5000 -4999 -4964 -4961 -4931 -4926 -4920 -4896 -4865 -4847 -4847 -4846 -4838 -4827 -4815 -4808 -4800 -4798 -4793 -4764 -4717 -4710 -4699 -4686 -4665 -4648 -4645 -4636 -4632 -4620 -4617 -4606 -4589 -4577 -4554 -4539 -4518 -4504 -4504 -4502 -4500 -4477 -4458 -4424 -4418 -4417 -4361 -4323 -4314 -4311 -4283 -4260 -4242 -4241 -4236 -4234 -4205 -4184 -4170 -4149 -4140 -4128 -4127 -4124 -4123 -4121 -4095 -4088 -4055 -4050 -4048 -4021 -4020 -4012 -4001 -3982 -3976 -3973 -3973 -3949 -3939 -3886 -3863 -3860 -3857 -3823 -3817 -3812 -3809 -3808 -3802 -3793 -3767 -3759 -3752 -3728 -3718 -3709 -3709 -3708 -3707 -3687 -3683 -3660 -3650 -3644 -3620 -3613 -3613 -3583 -3544 -3502 -3498 -3490 -3478 -3473 -3460 -3449 -3427 -3411 -3409 -3406 -3396 -3394 -3385 -3383 -3325 -3321 -3299 -3296 -3284 -3280 -3265 -3247 -3224 -3208 -3203 -3197 -3129 -3114 -3102 -3093 -3087 -3075 -3072 -3062 -3053 -3030 -2988 -2981 -2952 -2940 -2927 -2892 -2882 -2870 -2867 -2840 -2833 -2793 -2771 -2757 -2747 -2732 -2697 -2689 -2679 -2676 -2666 -2661 -2653 -2648 -2600 -2595 -2561 -2553 -2535 -2531 -2530 -2490 -2489 -2484 -2482 -2475 -2470 -2447 -2441 -2437 -2371 -2352 -2341 -2331 -2321 -2311 -2280 -2277 -2270 -2259 -2178 -2159 -2154 -2124 -2095 -2082 -2071 -2070 -2064 -2044 -2037 -2025 -2022 -1988 -1984 -1983 -1969 -1963 -1956 -1951 -1935 -1915 -1908 -1874 -1860 -1842 -1829 -1818 -1788 -1780 -1757 -1753 -1743 -1732 -1725 -1714 -1712 -1707 -1697 -1669 -1658 -1655 -1646 -1645 -1634 -1614 -1610 -1593 -1593 -1582 -1561 -1559 -1554 -1550 -1534 -1527 -1527 -1487 -1478 -1429 -1424 -1396 -1390 -1387 -1378 -1372 -1368 -1349 -1346 -1323 -1322 -1314 -1299 -1290 -1263 -1255 -1254 -1232 -1228 -1224 -1211 -1207 -1199 -1163 -1163 -1160 -1118 -1112 -1109 -1092 -1060 -1055 -1054 -1042 -1008 -1002 -974 -958 -946 -941 -938 -924 -913 -898 -881 -875 -873 -852 -842 -841 -841 -841 -837 -828 -820 -819 -807 -795 -784 -780 -768 -765 -764 -749 -732 -730 -724 -716 -706 -675 -673 -663 -655 -639 -639 -631 -615 -597 -589 -575 -536 -533 -530 -530 -505 -483 -469 -464 -455 -440 -436 -429 -428 -425 -424 -416 -414 -408 -397 -394 -389 -389 -389 -367 -365 -360 -353 -349 -344 -344 -326 -291 -258 -258 -235 -234 -227 -214 -200 -190 -188 -187 -178 -167 -163 -158 -144 -109 -103 -101 -65 -49 -49 -36 -28 389 -5000 -4995 -4984 -4976 -4970 -4963 -4961 -4961 -4947 -4910 -4891 -4882 -4880 -4879 -4876 -4869 -4848 -4843 -4830 -4827 -4799 -4787 -4766 -4732 -4731 -4730 -4726 -4699 -4695 -4685 -4656 -4640 -4613 -4611 -4591 -4580 -4572 -4571 -4563 -4543 -4542 -4485 -4479 -4475 -4427 -4415 -4405 -4402 -4395 -4371 -4353 -4347 -4342 -4314 -4313 -4285 -4269 -4266 -4233 -4231 -4216 -4201 -4175 -4165 -4151 -4148 -4125 -4124 -4112 -4100 -4082 -4071 -4061 -4060 -4053 -4008 -4006 -4004 -3992 -3988 -3963 -3961 -3931 -3928 -3917 -3906 -3897 -3877 -3874 -3873 -3865 -3824 -3808 -3799 -3768 -3766 -3762 -3759 -3750 -3744 -3734 -3733 -3714 -3680 -3667 -3664 -3628 -3608 -3590 -3590 -3581 -3563 -3550 -3541 -3507 -3503 -3486 -3482 -3479 -3479 -3429 -3423 -3419 -3405 -3402 -3371 -3352 -3343 -3331 -3320 -3297 -3283 -3281 -3266 -3252 -3228 -3219 -3212 -3163 -3160 -3146 -3138 -3119 -3114 -3102 -3092 -3083 -3080 -3079 -3075 -3067 -3060 -3057 -3045 -3038 -3037 -3033 -3027 -3006 -3000 -2984 -2982 -2941 -2916 -2889 -2883 -2882 -2878 -2875 -2857 -2815 -2813 -2796 -2753 -2750 -2731 -2721 -2693 -2679 -2669 -2640 -2625 -2616 -2608 -2600 -2589 -2581 -2572 -2569 -2505 -2502 -2501 -2497 -2489 -2481 -2468 -2464 -2462 -2461 -2453 -2448 -2447 -2422 -2422 -2421 -2411 -2407 -2398 -2391 -2367 -2361 -2355 -2355 -2353 -2339 -2338 -2321 -2314 -2311 -2308 -2303 -2300 -2264 -2263 -2260 -2255 -2225 -2210 -2207 -2203 -2200 -2184 -2179 -2161 -2134 -2131 -2101 -2071 -2051 -2044 -2038 -2030 -2023 -1988 -1977 -1920 -1886 -1884 -1878 -1877 -1867 -1858 -1836 -1785 -1770 -1763 -1756 -1738 -1706 -1698 -1696 -1695 -1678 -1678 -1651 -1616 -1604 -1601 -1585 -1580 -1576 -1572 -1569 -1566 -1546 -1513 -1513 -1496 -1479 -1464 -1457 -1456 -1456 -1445 -1418 -1414 -1410 -1385 -1369 -1368 -1359 -1359 -1347 -1337 -1317 -1310 -1303 -1299 -1297 -1290 -1288 -1284 -1266 -1238 -1224 -1199 -1177 -1167 -1142 -1135 -1131 -1129 -1105 -1091 -1089 -1072 -1036 -1001 -988 -981 -977 -957 -948 -933 -929 -919 -915 -890 -867 -865 -824 -823 -821 -810 -768 -751 -720 -693 -684 -681 -651 -632 -630 -625 -590 -589 -559 -558 -505 -497 -492 -483 -481 -454 -451 -404 -404 -337 -328 -328 -324 -279 -275 -273 -273 -245 -241 -238 -234 -233 -227 -214 -203 -190 -183 -178 -138 -131 -130 -110 -91 -62 -61 -59 -40 -23 -9 -8 -2
10000 1 7 1 49 1 73 1 58 1 30 1 72 1 44 1 78 1 23 1 9 1 40 1 65 1 92 1 42 1 87 1 3 1 27 1 29 1 40 1 12 1 3 1 69 1 9 1 57 1 60 1 33 1 99 1 78 1 16 1 35 1 97 1 26 1 12 1 67 1 10 1 33 1 79 1 49 1 79 1 21 1 67 1 72 1 93 1 36 1 85 1 45 1 28 1 91 1 94 1 57 1 1 1 53 1 8 1 44 1 68 1 90 1 24 1 96 1 30 1 3 1 22 1 66 1 49 1 24 1 1 1 53 1 77 1 8 1 28 1 33 1 98 1 81 1 35 1 13 1 65 1 14 1 63 1 36 1 25 1 69 1 15 1 94 1 29 1 1 1 17 1 95 1 5 1 4 1 51 1 98 1 88 1 23 1 5 1 82 1 52 1 66 1 16 1 37 1 38 1 44 1 1 1 97 1 71 1 28 1 37 1 58 1 77 1 97 1 94 1 4 1 9 1 31 1 45 1 75 1 35 1 98 1 42 1 99 1 68 1 12 1 60 1 57 1 94 1 8 1 95 1 68 1 13 1 30 1 6 1 62 1 42 1 65 1 82 1 52 1 67 1 21 1 95 1 12 1 71 1 1 1 90 1 31 1 38 1 57 1 16 1 90 1 40 1 79 1 35 1 6 1 72 1 98 1 95 1 19 1 54 1 23 1 89 1 60 1 5 1 26 1 23 1 6 1 13 1 70 1 38 1 94 1 20 1 44 1 66 1 34 1 26 1 94 1 63 1 38 1 44 1 90 1 50 1 59 1 23 1 47 1 85 1 17 1 72 1 39 1 47 1 85 1 96 1 85 1 23 1 20 1 44 1 68 1 35 1 15 1 25 1 34 1 42 1 11 1 79 1 52 1 44 1 95 1 18 1 96 1 92 1 15 1 91 1 33 1 69 1 97 1 53 1 47 1 25 1 10 1 62 1 11 1 8 1 77 1 61 1 25 1 35 1 68 1 95 1 76 1 67 1 39 1 74 1 31 1 56 1 1 1 72 1 60 1 94 1 84 1 55 1 89 1 7 1 15 1 93 1 69 1 80 1 55 1 55 1 6 1 63 1 2 1 76 1 8 1 49 1 31 1 44 1 38 1 8 1 97 1 51 1 49 1 3 1 31 1 31 1 14 1 19 1 75 1 9 1 80 1 29 1 23 1 54 1 60 1 37 1 45 1 17 1 25 1 0 1 56 1 64 1 97 1 48 1 4 1 50 1 50 1 76 1 12 1 54 1 97 1 4 1 81 1 48 1 65 1 78 1 99 1 9 1 29 1 53 1 83 1 47 1 7 1 73 1 22 1 5 1 76 1 53 1 24 1 30 1 66 1 0 1 44 1 70 1 85 1 16 1 98 1 55 1 33 1 57 1 76 1 78 1 66 1 57 1 11 1 78 1 14 1 19 1 37 1 33 1 91 1 20 1 62 1 33 1 97 1 31 1 88 1 89 1 73 1 77 1 4 1 58 1 0 1 54 1 60 1 15 1 47 1 80 1 30 1 55 1 46 1 7 1 38 1 0 1 26 1 35 1 57 1 13 1 14 1 93 1 60 1 54 1 18 1 57 1 85 1 29 1 15 1 63 1 2 1 17 1 43 1 19 1 67 1 47 1 69 1 95 1 3 1 73 1 3 1 48 1 85 1 58 1 59 1 6 1 30 1 24 1 32 1 73 1 3 1 97 1 20 1 50 1 31 1 80 1 3 1 0 1 20 1 33 1 58 1 3 1 76 1 50 1 34 1 80 1 79 1 32 1 74 1 49 1 42 1 49 1 71 1 10 1 79 1 83 1 70 1 40 1 23 1 50 1 71 1 29 1 18 1 46 1 99 1 30 1 21 1 76 1 24 1 44 1 58 1 96 1 71 1 64 1 60 1 98 1 51 1 40 1 3 1 51 1 1 1 5 1 80 1 18 1 74 1 49 1 13 1 20 1 25 1 12 1 83 1 88 1 17 1 8 1 50 1 24 1 95 1 57 1 11 1 90 1 66 1 10 1 93 1 53 1 65 1 60 1 42 1 3 1 52 1 7 1 41 1 10 1 0 1 99 1 27 1 71 1 87 1 14 1 25 1 41 1 17 1 48 1 42 1 15 1 74 1 45 1 73 1 20 1 11 1 39 1 54 1 5 1 29 1 53 1 89 1 66 1 56 1 4 1 60 1 98 1 92 1 20 1 16 1 80 1 67 1 52 1 39 1 98 1 1 1 11 1 16 1 91 1 71 1 28 1 71 1 61 1 45 1 20 1 40 1 58 1 53 1 27 1 50 1 11 1 63 1 94 1 33 1 27 1 27 1 95 1 31 1 42 1 16 1 6 1 15 1 24 1 1 1 97 1 61 1 3 1 24 1 8 1 36 1 81 1 15 1 10 1 16 1 5 1 73 1 81 1 20 1 91 1 69 1 65 1 27 1 36 1 28 1 25 1 84 1 67 1 49 1 76 1 46 1 76 1 66 1 67 1 20 1 84 1 91 1 10 1 58 1 11 1 44 1 18 1 18 1 34 1 25 1 67 1 89 1 18 1 14 1 25 1 18 1 28 1 29 1 34 1 27 1 40 1 54 1 40 1 96 1 35 1 83 1 48 1 65 1 11 1 52 1 64 1 76 1 37 1 75 1 45 1 10 1 15 1 92 1 10 1 47 1 37 1 99 1 47 1 15 1 93 1 79 1 29 1 64 1 79 1 1 1 25 1 89 1 58 1 33 1 0 1 89 1 70 1 17 1 46 1 38 1 43 1 38 1 36 1 21 1 19 1 96 1 47 1 88 1 59 1 87 1 35 1 35 1 12 1 84 1 89 1 84 1 34 1 67 1 19 1 15 1 45 1 76 1 61 1 25 1 19 1 31 1 3 1 98 1 98 1 39 1 4 1 3 1 79 1 65 1 91 1 7 1 24 1 65 1 21 1 54 1 6 1 50 1 3 1 32 1 32 1 41 1 54 1 77 1 17 1 0 1 89 1 65 1 47 1 22 1 79 1 17 1 16 1 48 1 62 1 29 1 39 1 8 1 3 1 57 1 61 1 52 1 66 1 21 1 57 1 96 1 55 1 30 1 94 1 55 1 21 1 12 1 93 1 27 1 32 1 44 1 91 1 98 1 52 1 56 1 70 1 3 1 39 1 14 1 99 1 66 1 35 1 21 1 43 1 52 1 86 1 19 1 50 1 10 1 23 1 69 1 5 1 43 1 11 1 31 1 92 1 16 1 99 1 71 1 39 1 70 1 36 1 91 1 57 1 33 1 28 1 77 1 10 1 83 1 76 1 89 1 91 1 34 1 11 1 4 1 26 1 91 1 90 1 22 1 64 1 90 1 84 1 13 1 41 1 27 1 79 1 84 1 37 1 70 1 61 1 81 1 65 1 2 1 32 1 32 1 54 1 59 1 47 1 77 1 62 1 10 1 19 1 50 1 77 1 41 1 36 1 20 1 99 1 12 1 59 1 56 1 90 1 52 1 48 1 14 1 44 1 18 1 50 1 1 1 95 1 21 1 31 1 1 1 45 1 61 1 57 1 10 1 28 1 5 1 73 1 37 1 69 1 96 1 3 1 21 1 75 1 18 1 0 1 89 1 62 1 54 1 63 1 43 1 89 1 50 1 35 1 15 1 64 1 94 1 63 1 58 1 52 1 92 1 16 1 14 1 20 1 60 1 50 1 68 1 41 1 47 1 96 1 87 1 1 1 34 1 28 1 71 1 48 1 75 1 53 1 71 1 29 1 93 1 19 1 71 1 20 1 64 1 79 1 30 1 10 1 80 1 13 1 42 1 38 1 82 1 44 1 28 1 93 1 75 1 80 1 0 1 96 1 47 1 70 1 87 1 43 1 33 1 52 1 61 1 24 1 0 1 80 1 78 1 57 1 23 1 98 1 14 1 45 1 62 1 9 1 10 1 49 1 18 1 90 1 55 1 43 1 55 1 85 1 34 1 75 1 21 1 51 1 26 1 51 1 59 1 83 1 14 1 37 1 79 1 98 1 0 1 37 1 85 1 78 1 84 1 42 1 15 1 60 1 67 1 40 1 7 1 66 1 28 1 62 1 63 1 69 1 90 1 23 1 78 1 13 1 61 1 10 1 40 1 78 1 0 1 94 1 7 1 56 1 51 1 86 1 31 1 44 1 39 1 76 1 84 1 52 1 8 1 14 1 54 1 19 1 28 1 71 1 70 1 63 1 47 1 24 1 43 1 54 1 8 1 81 1 52 1 88 1 63 1 59 1 19 1 79 1 56 1 61 1 87 1 53 1 99 1 88 1 44 1 80 1 66 1 83 1 74 1 36 1 9 1 67 1 34 1 39 1 84 1 51 1 49 1 66 1 67 1 10 1 89 1 27 1 73 1 81 1 95 1 36 1 74 1 35 1 31 1 72 1 28 1 98 1 70 1 87 1 97 1 89 1 46 1 90 1 11 1 12 1 63 1 12 1 81 1 51 1 30 1 21 1 13 1 28 1 50 1 0 1 59 1 54 1 92 1 94 1 30 1 32 1 59 1 77 1 79 1 32 1 72 1 83 1 81 1 53 1 22 1 21 1 56 1 18 1 91 1 0 1 96 1 20 1 4 1 99 1 29 1 44 1 75 1 70 1 16 1 99 1 80 1 18 1 88 1 52 1 28 1 0 1 62 1 40 1 49 1 85 1 83 1 15 1 59 1 78 1 59 1 61 1 82 1 48 1 54 1 40 1 81 1 70 1 28 1 51 1 44 1 69 1 95 1 69 1 10 1 72 1 23 1 25 1 19 1 50 1 31 1 43 1 46 1 69 1 70 1 94 1 10 1 92 1 64 1 24 1 61 1 19 1 20 1 62 1 61 1 25 1 34 1 49 1 90 1 22 1 60 1 93 1 28 1 22 1 81 1 66 1 68 1 23 1 22 1 39 1 17 1 93 1 64 1 78 1 56 1 71 1 41 1 55 1 36 1 89 1 28 1 20 1 2 1 12 1 16 1 47 1 46 1 51 1 72 1 11 1 23 1 36 1 5 1 7 1 33 1 66 1 53 1 12 1 25 1 40 1 53 1 57 1 33 1 95 1 39 1 51 1 58 1 94 1 60 1 38 1 29 1 75 1 98 1 92 1 33 1 62 1 76 1 36 1 46 1 73 1 64 1 84 1 92 1 19 1 42 1 28 1 59 1 62 1 45 1 16 1 27 1 72 1 48 1 0 1 70 1 98 1 92 1 45 1 28 1 0 1 43 1 92 1 63 1 83 1 72 1 1 1 9 1 21 1 86 1 13 1 69 1 31 1 57 1 19 1 86 1 56 1 16 1 54 1 54 1 14 1 15 1 37 1 66 1 97 1 77 1 60 1 12 1 91 1 31 1 74 1 63 1 77 1 24 1 84 1 33 1 50 1 27 1 99 1 29 1 9 1 44 1 64 1 51 1 12 1 79 1 34 1 7 1 83 1 0 1 59 1 10 1 53 1 91 1 21 1 25 1 53 1 29 1 96 1 53 1 61 1 58 1 91 1 63 1 20 1 68 1 87 1 26 1 72 1 19 1 41 1 4 1 51 1 92 1 45 1 70 1 74 1 62 1 76 1 17 1 26 1 13 1 44 1 71 1 79 1 35 1 29 1 88 1 48 1 78 1 17 1 23 1 38 1 8 1 29 1 26 1 68 1 6 1 99 1 55 1 29 1 76 1 88 1 96 1 19 1 64 1 37 1 16 1 18 1 91 1 83 1 98 1 20 1 48 1 61 1 51 1 18 1 77 1 46 1 61 1 78 1 28 1 63 1 35 1 6 1 8 1 68 1 79 1 19 1 23 1 77 1 92 1 53 1 78 1 53 1 95 1 71 1 75 1 4 1 62 1 32 1 19 1 31 1 35 1 68 1 68 1 10 1 34 1 70 1 78 1 65 1 45 1 79 1 75 1 27 1 87 1 63 1 37 1 66 1 34 1 83 1 75 1 84 1 55 1 56 1 99 1 64 1 93 1 86 1 33 1 24 1 47 1 94 1 30 1 67 1 65 1 10 1 82 1 5 1 14 1 52 1 41 1 85 1 91 1 6 1 60 1 60 1 12 1 3 1 30 1 85 1 0 1 85 1 67 1 84 1 88 1 0 1 86 1 0 1 95 1 99 1 2 1 28 1 83 1 17 1 36 1 2 1 89 1 78 1 25 1 89 1 22 1 95 1 5 1 19 1 91 1 21 1 74 1 14 1 62 1 6 1 83 1 26 1 19 1 1 1 30 1 44 1 75 1 58 1 62 1 31 1 36 1 20 1 8 1 24 1 47 1 8 1 11 1 97 1 0 1 14 1 96 1 99 1 45 1 33 1 62 1 39 1 54 1 21 1 86 1 36 1 10 1 62 1 73 1 93 1 35 1 88 1 71 1 38 1 21 1 91 1 13 1 60 1 57 1 92 1 43 1 75 1 68 1 13 1 15 1 36 1 91 1 47 1 69 1 32 1 34 1 28 1 43 1 79 1 6 1 54 1 7 1 37 1 3 1 21 1 47 1 34 1 49 1 16 1 59 1 38 1 50 1 83 1 86 1 96 1 85 1 24 1 22 1 63 1 81 1 12 1 51 1 2 1 95 1 36 1 54 1 8 1 80 1 31 1 30 1 95 1 14 1 12 1 36 1 37 1 9 1 85 1 19 1 81 1 10 1 8 1 9 1 39 1 67 1 19 1 66 1 99 1 20 1 15 1 77 1 22 1 42 1 80 1 81 1 85 1 30 1 25 1 36 1 94 1 45 1 2 1 33 1 80 1 56 1 34 1 17 1 81 1 81 1 58 1 5 1 92 1 60 1 51 1 1 1 42 1 44 1 35 1 55 1 72 1 43 1 22 1 13 1 41 1 81 1 79 1 18 1 60 1 29 1 55 1 82 1 64 1 32 1 13 1 95 1 28 1 4 1 55 1 11 1 81 1 10 1 4 1 51 1 16 1 61 1 64 1 5 1 22 1 13 1 43 1 36 1 18 1 94 1 88 1 43 1 39 1 2 1 43 1 70 1 19 1 12 1 17 1 32 1 82 1 97 1 59 1 73 1 90 1 19 1 10 1 11 1 15 1 78 1 42 1 45 1 70 1 62 1 8 1 83 1 99 1 9 1 13 1 50 1 51 1 65 1 2 1 17 1 53 1 99 1 16 1 84 1 69 1 42 1 3 1 15 1 29 1 57 1 82 1 64 1 52 1 54 1 26 1 27 1 55 1 59 1 52 1 86 1 22 1 29 1 86 1 49 1 79 1 98 1 90 1 3 1 86 1 43 1 27 1 85 1 98 1 87 1 17 1 31 1 76 1 61 1 63 1 14 1 83 1 32 1 22 1 11 1 91 1 71 1 42 1 33 1 53 1 30 1 80 1 4 1 15 1 87 1 10 1 81 1 58 1 86 1 33 1 40 1 59 1 36 1 62 1 38 1 54 1 26 1 26 1 12 1 95 1 21 1 77 1 41 1 58 1 54 1 20 1 97 1 27 1 51 1 62 1 32 1 37 1 4 1 57 1 5 1 7 1 43 1 58 1 39 1 43 1 97 1 81 1 65 1 57 1 5 1 17 1 12 1 24 1 84 1 59 1 99 1 16 1 40 1 51 1 46 1 22 1 93 1 15 1 49 1 61 1 49 1 31 1 96 1 23 1 96 1 44 1 50 1 38 1 31 1 59 1 35 1 65 1 1 1 87 1 37 1 48 1 20 1 24 1 94 1 75 1 3 1 89 1 86 1 45 1 43 1 57 1 32 1 61 1 78 1 4 1 2 1 31 1 20 1 86 1 30 1 43 1 67 1 48 1 44 1 17 1 49 1 25 1 73 1 63 1 16 1 80 1 48 1 79 1 57 1 14 1 5 1 89 1 7 1 5 1 27 1 14 1 15 1 8 1 97 1 49 1 95 1 29 1 26 1 66 1 98 1 85 1 62 1 18 1 53 1 79 1 3 1 83 1 23 1 59 1 21 1 74 1 34 1 75 1 2 1 36 1 79 1 15 1 50 1 13 1 50 1 92 1 48 1 83 1 81 1 47 1 8 1 6 1 78 1 6 1 67 1 14 1 10 1 70 1 58 1 17 1 46 1 4 1 56 1 63 1 37 1 98 1 34 1 56 1 8 1 12 1 13 1 80 1 24 1 4 1 13 1 73 1 62 1 79 1 77 1 69 1 47 1 31 1 53 1 33 1 39 1 20 1 94 1 97 1 24 1 71 1 58 1 20 1 48 1 18 1 1 1 17 1 92 1 13 1 80 1 56 1 40 1 94 1 68 1 70 1 63 1 49 1 34 1 25 1 71 1 91 1 50 1 17 1 10 1 54 1 25 1 1 1 94 1 92 1 34 1 70 1 46 1 87 1 21 1 65 1 89 1 71 1 65 1 60 1 10 1 75 1 9 1 94 1 23 1 34 1 74 1 14 1 94 1 23 1 75 1 77 1 57 1 27 1 22 1 74 1 72 1 39 1 39 1 83 1 17 1 30 1 90 1 6 1 96 1 12 1 95 1 38 1 16 1 21 1 84 1 27 1 78 1 60 1 72 1 87 1 35 1 81 1 26 1 94 1 30 1 95 1 58 1 19 1 12 1 43 1 12 1 6 1 28 1 93 1 26 1 26 1 26 1 33 1 81 1 96 1 92 1 61 1 9 1 77 1 24 1 22 1 40 1 52 1 15 1 80 1 92 1 51 1 52 1 73 1 77 1 17 1 26 1 65 1 61 1 39 1 49 1 7 1 19 1 30 1 76 1 25 1 81 1 27 1 59 1 97 1 93 1 25 1 29 1 22 1 48 1 53 1 79 1 68 1 27 1 24 1 31 1 77 1 6 1 0 1 72 1 1 1 30 1 98 1 77 1 49 1 94 1 27 1 52 1 59 1 77 1 70 1 51 1 24 1 84 1 20 1 15 1 19 1 77 1 95 1 95 1 64 1 0 1 18 1 17 1 23 1 17 1 54 1 68 1 87 1 75 1 13 1 22 1 57 1 16 1 82 1 42 1 62 1 8 1 40 1 5 1 70 1 6 1 1 1 19 1 20 1 62 1 17 1 35 1 52 1 94 1 35 1 10 1 31 1 63 1 51 1 47 1 51 1 10 1 49 1 47 1 34 1 48 1 23 1 88 1 71 1 32 1 59 1 56 1 45 1 2 1 23 1 89 1 19 1 94 1 86 1 7 1 92 1 0 1 46 1 1 1 65 1 44 1 56 1 74 1 17 1 75 1 95 1 66 1 64 1 91 1 91 1 40 1 56 1 59 1 97 1 97 1 9 1 63 1 22 1 85 1 99 1 19 1 20 1 92 1 48 1 53 1 76 1 76 1 33 1 97 1 93 1 3 1 8 1 74 1 66 1 3 1 30 1 81 1 86 1 25 1 69 1 25 1 58 1 85 1 99 1 21 1 14 1 60 1 56 1 72 1 53 1 53 1 75 1 81 1 55 1 62 1 48 1 45 1 52 1 70 1 31 1 0 1 63 1 47 1 19 1 70 1 1 1 59 1 82 1 79 1 96 1 29 1 1 1 56 1 30 1 81 1 20 1 62 1 51 1 45 1 70 1 54 1 57 1 93 1 15 1 8 1 61 1 66 1 73 1 78 1 86 1 30 1 52 1 26 1 79 1 10 1 32 1 51 1 72 1 1 1 87 1 79 1 8 1 37 1 36 1 2 1 78 1 23 1 88 1 74 1 9 1 96 1 23 1 62 1 23 1 46 1 79 1 55 1 74 1 22 1 31 1 57 1 71 1 79 1 94 1 27 1 56 1 36 1 16 1 47 1 13 1 84 1 57 1 60 1 57 1 0 1 36 1 13 1 33 1 75 1 10 1 62 1 66 1 6 1 8 1 7 1 73 1 37 1 96 1 55 1 24 1 66 1 8 1 33 1 61 1 57 1 71 1 76 1 14 1 14 1 89 1 35 1 59 1 38 1 94 1 60 1 27 1 43 1 42 1 55 1 21 1 11 1 80 1 12 1 9 1 90 1 83 1 45 1 38 1 34 1 38 1 64 1 81 1 40 1 50 1 18 1 75 1 98 1 74 1 87 1 42 1 88 1 20 1 82 1 5 1 34 1 20 1 46 1 3 1 20 1 50 1 75 1 62 1 42 1 70 1 38 1 42 1 15 1 35 1 77 1 34 1 67 1 74 1 80 1 90 1 96 1 6 1 81 1 43 1 72 1 55 1 38 1 75 1 20 1 75 1 86 1 97 1 5 1 37 1 95 1 83 1 95 1 76 1 83 1 82 1 27 1 51 1 99 1 5 1 51 1 77 1 6 1 90 1 95 1 96 1 61 1 31 1 25 1 6 1 79 1 70 1 24 1 57 1 22 1 53 1 73 1 80 1 3 1 83 1 34 1 82 1 57 1 63 1 41 1 37 1 29 1 87 1 86 1 51 1 94 1 22 1 30 1 30 1 54 1 6 1 19 1 17 1 83 1 39 1 13 1 92 1 39 1 44 1 68 1 83 1 29 1 65 1 5 1 87 1 40 1 87 1 97 1 79 1 68 1 63 1 0 1 99 1 47 1 1 1 88 1 5 1 20 1 44 1 72 1 76 1 30 1 19 1 69 1 88 1 29 1 52 1 32 1 58 1 7 1 81 1 62 1 16 1 9 1 45 1 48 1 85 1 8 1 13 1 67 1 5 1 14 1 54 1 35 1 70 1 63 1 79 1 58 1 39 1 59 1 45 1 23 1 48 1 44 1 77 1 37 1 91 1 42 1 98 1 77 1 4 1 82 1 56 1 75 1 33 1 10 1 92 1 70 1 70 1 53 1 53 1 28 1 28 1 73 1 82 1 71 1 0 1 5 1 55 1 21 1 84 1 34 1 47 1 28 1 88 1 85 1 8 1 58 1 74 1 23 1 61 1 72 1 24 1 35 1 89 1 56 1 44 1 98 1 47 1 95 1 67 1 83 1 76 1 43 1 36 1 37 1 46 1 62 1 57 1 42 1 96 1 3 1 81 1 81 1 94 1 88 1 4 1 55 1 87 1 83 1 17 1 65 1 93 1 56 1 38 1 51 1 87 1 90 1 80 1 32 1 26 1 29 1 7 1 14 1 17 1 25 1 38 1 26 1 45 1 57 1 25 1 7 1 79 1 51 1 41 1 59 1 81 1 65 1 25 1 94 1 93 1 64 1 63 1 29 1 1 1 72 1 40 1 53 1 29 1 32 1 80 1 59 1 74 1 40 1 76 1 89 1 4 1 18 1 68 1 86 1 66 1 62 1 74 1 98 1 21 1 27 1 15 1 27 1 41 1 9 1 58 1 35 1 65 1 61 1 61 1 32 1 72 1 19 1 94 1 3 1 54 1 31 1 16 1 4 1 83 1 74 1 13 1 11 1 44 1 8 1 59 1 5 1 72 1 92 1 72 1 15 1 29 1 13 1 43 1 80 1 9 1 5 1 84 1 49 1 11 1 9 1 83 1 48 1 85 1 7 1 60 1 80 1 89 1 63 1 33 1 66 1 85 1 0 1 85 1 42 1 74 1 91 1 63 1 93 1 3 1 98 1 63 1 61 1 91 1 77 1 89 1 97 1 29 1 12 1 69 1 60 1 31 1 65 1 11 1 13 1 96 1 50 1 4 1 23 1 88 1 22 1 20 1 16 1 65 1 77 1 72 1 12 1 80 1 76 1 0 1 41 1 18 1 75 1 19 1 43 1 63 1 81 1 58 1 82 1 67 1 52 1 51 1 61 1 95 1 17 1 29 1 27 1 91 1 86 1 60 1 56 1 92 1 1 1 39 1 11 1 84 1 70 1 13 1 70 1 8 1 85 1 20 1 57 1 45 1 97 1 79 1 99 1 2 1 83 1 67 1 19 1 69 1 37 1 29 1 99 1 18 1 18 1 5 1 15 1 37 1 15 1 29 1 24 1 15 1 66 1 72 1 96 1 60 1 78 1 79 1 71 1 24 1 45 1 80 1 77 1 58 1 54 1 15 1 8 1 21 1 8 1 45 1 52 1 95 1 11 1 10 1 60 1 82 1 10 1 82 1 10 1 1 1 60 1 35 1 20 1 84 1 6 1 5 1 8 1 77 1 24 1 49 1 93 1 44 1 16 1 24 1 81 1 61 1 85 1 38 1 3 1 7 1 22 1 13 1 95 1 51 1 83 1 98 1 57 1 0 1 56 1 89 1 1 1 99 1 10 1 74 1 95 1 28 1 91 1 47 1 81 1 93 1 20 1 68 1 15 1 76 1 24 1 53 1 64 1 87 1 95 1 19 1 93 1 6 1 5 1 31 1 78 1 49 1 30 1 9 1 87 1 32 1 74 1 84 1 70 1 53 1 11 1 88 1 64 1 38 1 88 1 7 1 62 1 58 1 16 1 75 1 77 1 92 1 77 1 29 1 90 1 60 1 51 1 27 1 21 1 39 1 40 1 64 1 77 1 36 1 5 1 11 1 84 1 55 1 75 1 59 1 39 1 49 1 99 1 72 1 74 1 90 1 66 1 42 1 22 1 21 1 60 1 34 1 47 1 93 1 17 1 1 1 65 1 48 1 74 1 32 1 88 1 65 1 58 1 2 1 10 1 19 1 10 1 37 1 92 1 36 1 48 1 8 1 50 1 33 1 19 1 37 1 32 1 94 1 93 1 10 1 11 1 5 1 58 1 7 1 53 1 74 1 64 1 7 1 2 1 14 1 69 1 39 1 14 1 87 1 95 1 48 1 67 1 13 1 67 1 60 1 53 1 70 1 83 1 56 1 68 1 26 1 0 1 22 1 37 1 99 1 71 1 96 1 17 1 41 1 58 1 35 1 88 1 71 1 73 1 7 1 20 1 92 1 93 1 52 1 89 1 13 1 28 1 3 1 98 1 17 1 50 1 88 1 46 1 43 1 65 1 88 1 11 1 66 1 43 1 38 1 4 1 67 1 57 1 22 1 46 1 31 1 3 1 20 1 27 1 64 1 51 1 5 1 29 1 42 1 16 1 88 1 50 1 85 1 2 1 73 1 45 1 97 1 15 1 52 1 88 1 86 1 28 1 17 1 22 1 23 1 26 1 96 1 61 1 79 1 84 1 42 1 90 1 97 1 28 1 11 1 43 1 44 1 52 1 25 1 38 1 72 1 87 1 57 1 15 1 27 1 61 1 82 1 77 1 44 1 28 1 13 1 35 1 1 1 39 1 23 1 23 1 64 1 91 1 58 1 59 1 43 1 48 1 27 1 52 1 33 1 8 1 41 1 21 1 99 1 69 1 30 1 81 1 76 1 13 1 7 1 54 1 98 1 69 1 15 1 80 1 47 1 27 1 75 1 88 1 86 1 64 1 47 1 6 1 38 1 27 1 2 1 31 1 79 1 57 1 46 1 27 1 40 1 38 1 41 1 42 1 2 1 65 1 69 1 11 1 8 1 2 1 43 1 73 1 80 1 36 1 2 1 64 1 70 1 1 1 87 1 40 1 8 1 55 1 5 1 87 1 14 1 1 1 65 1 99 1 59 1 57 1 90 1 43 1 82 1 82 1 3 1 39 1 84 1 61 1 4 1 32 1 27 1 84 1 24 1 56 1 14 1 7 1 48 1 8 1 4 1 87 1 35 1 32 1 36 1 57 1 25 1 64 1 54 1 28 1 33 1 23 1 30 1 44 1 70 1 32 1 4 1 85 1 79 1 64 1 55 1 26 1 79 1 10 1 20 1 90 1 1 1 24 1 49 1 67 1 2 1 10 1 4 1 63 1 60 1 64 1 28 1 27 1 1 1 0 1 82 1 44 1 85 1 69 1 23 1 55 1 68 1 78 1 27 1 69 1 74 1 21 1 37 1 57 1 20 1 89 1 12 1 42 1 83 1 2 1 41 1 52 1 67 1 87 1 88 1 7 1 33 1 32 1 81 1 3 1 32 1 27 1 50 1 85 1 70 1 19 1 23 1 65 1 74 1 17 1 18 1 93 1 0 1 34 1 91 1 57 1 19 1 45 1 93 1 12 1 79 1 69 1 18 1 30 1 98 1 49 1 57 1 90 1 68 1 8 1 26 1 72 1 52 1 17 1 93 1 11 1 41 1 31 1 7 1 68 1 63 1 1 1 22 1 37 1 58 1 78 1 46 1 94 1 63 1 83 1 10 1 84 1 73 1 87 1 32 1 69 1 7 1 62 1 84 1 48 1 35 1 30 1 98 1 94 1 26 1 50 1 34 1 15 1 68 1 91 1 99 1 71 1 69 1 1 1 96 1 10 1 73 1 92 1 11 1 28 1 0 1 12 1 79 1 39 1 69 1 51 1 14 1 64 1 84 1 11 1 44 1 91 1 27 1 41 1 99 1 97 1 95 1 6 1 91 1 11 1 38 1 82 1 53 1 18 1 23 1 3 1 80 1 8 1 73 1 37 1 80 1 99 1 93 1 49 1 43 1 18 1 46 1 75 1 75 1 81 1 76 1 30 1 35 1 28 1 48 1 97 1 62 1 61 1 47 1 37 1 14 1 95 1 30 1 7 1 56 1 25 1 43 1 66 1 15 1 50 1 42 1 75 1 23 1 65 1 12 1 29 1 80 1 73 1 57 1 56 1 23 1 53 1 6 1 52 1 76 1 62 1 38 1 11 1 66 1 94 1 9 1 82 1 96 1 9 1 96 1 44 1 35 1 65 1 58 1 3 1 3 1 4 1 46 1 55 1 50 1 75 1 27 1 63 1 52 1 11 1 84 1 87 1 16 1 77 1 51 1 90 1 83 1 20 1 99 1 90 1 42 1 11 1 36 1 62 1 60 1 69 1 14 1 78 1 66 1 57 1 99 1 50 1 19 1 98 1 43 1 68 1 76 1 1 1 46 1 88 1 20 1 81 1 49 1 11 1 47 1 44 1 76 1 96 1 78 1 56 1 36 1 62 1 39 1 39 1 79 1 87 1 66 1 0 1 6 1 91 1 56 1 98 1 46 1 70 1 33 1 1 1 90 1 84 1 58 1 27 1 94 1 86 1 97 1 89 1 35 1 27 1 68 1 0 1 64 1 40 1 88 1 10 1 83 1 23 1 31 1 23 1 56 1 14 1 12 1 69 1 52 1 62 1 81 1 35 1 35 1 71 1 24 1 70 1 66 1 93 1 28 1 26 1 33 1 99 1 3 1 26 1 88 1 41 1 89 1 19 1 81 1 15 1 23 1 98 1 52 1 68 1 61 1 89 1 1 1 83 1 93 1 20 1 13 1 42 1 26 1 50 1 56 1 32 1 6 1 92 1 64 1 2 1 6 1 90 1 19 1 2 1 34 1 75 1 92 1 32 1 94 1 69 1 43 1 47 1 27 1 95 1 64 1 93 1 66 1 94 1 84 1 58 1 21 1 66 1 70 1 42 1 92 1 54 1 29 1 45 1 47 1 72 1 80 1 96 1 97 1 46 1 40 1 6 1 0 1 43 1 81 1 14 1 75 1 17 1 2 1 92 1 11 1 68 1 75 1 37 1 98 1 32 1 37 1 66 1 86 1 92 1 4 1 60 1 59 1 15 1 95 1 85 1 81 1 63 1 68 1 64 1 78 1 25 1 4 1 15 1 26 1 86 1 40 1 23 1 8 1 50 1 59 1 20 1 97 1 79 1 18 1 17 1 57 1 30 1 21 1 51 1 71 1 28 1 22 1 99 1 52 1 56 1 49 1 76 1 4 1 48 1 87 1 33 1 14 1 57 1 59 1 10 1 76 1 0 1 16 1 70 1 72 1 55 1 42 1 86 1 14 1 86 1 29 1 83 1 87 1 87 1 31 1 59 1 85 1 99 1 19 1 71 1 69 1 3 1 53 1 96 1 41 1 98 1 48 1 37 1 26 1 21 1 28 1 94 1 63 1 27 1 47 1 98 1 31 1 90 1 90 1 30 1 23 1 17 1 29 1 7 1 83 1 39 1 74 1 33 1 46 1 89 1 31 1 71 1 55 1 36 1 79 1 46 1 84 1 76 1 74 1 84 1 85 1 87 1 45 1 49 1 0 1 86 1 8 1 13 1 12 1 27 1 50 1 42 1 85 1 71 1 49 1 54 1 68 1 60 1 96 1 59 1 73 1 98 1 85 1 48 1 19 1 67 1 4 1 33 1 29 1 90 1 94 1 66 1 31 1 11 1 69 1 58 1 99 1 57 1 45 1 23 1 55 1 75 1 20 1 76 1 75 1 85 1 68 1 92 1 67 1 24 1 44 1 86 1 90 1 13 1 25 1 38 1 43 1 3 1 12 1 11 1 96 1 72 1 63 1 96 1 27 1 65 1 3 1 19 1 43 1 71 1 0 1 49 1 29 1 38 1 97 1 65 1 16 1 43 1 79 1 47 1 48 1 77 1 48 1 80 1 60 1 38 1 92 1 61 1 17 1 76 1 88 1 42 1 45 1 4 1 79 1 69 1 75 1 65 1 53 1 15 1 40 1 69 1 27 1 1 1 56 1 10 1 85 1 93 1 6 1 93 1 72 1 15 1 99 1 5 1 46 1 53 1 37 1 49 1 22 1 20 1 54 1 22 1 46 1 59 1 96 1 28 1 52 1 16 1 57 1 76 1 99 1 93 1 3 1 36 1 63 1 35 1 15 1 19 1 21 1 93 1 52 1 44 1 15 1 76 1 23 1 80 1 9 1 37 1 23 1 85 1 42 1 41 1 57 1 2 1 98 1 43 1 62 1 85 1 34 1 92 1 23 1 79 1 83 1 94 1 86 1 52 1 93 1 77 1 9 1 54 1 67 1 68 1 98 1 50 1 52 1 54 1 32 1 8 1 1 1 90 1 41 1 44 1 94 1 87 1 74 1 31 1 37 1 82 1 96 1 81 1 72 1 82 1 33 1 56 1 36 1 30 1 15 1 70 1 11 1 33 1 46 1 45 1 20 1 97 1 26 1 12 1 14 1 33 1 1 1 77 1 83 1 35 1 45 1 66 1 70 1 69 1 47 1 84 1 81 1 32 1 41 1 81 1 1 1 47 1 23 1 15 1 61 1 61 1 32 1 26 1 40 1 62 1 64 1 59 1 77 1 35 1 55 1 23 1 26 1 59 1 23 1 65 1 39 1 46 1 67 1 21 1 83 1 51 1 73 1 43 1 86 1 99 1 17 1 61 1 93 1 55 1 14 1 94 1 16 1 73 1 7 1 1 1 80 1 58 1 4 1 91 1 44 1 81 1 63 1 98 1 92 1 90 1 20 1 54 1 29 1 40 1 81 1 60 1 55 1 82 1 79 1 65 1 95 1 15 1 50 1 88 1 89 1 25 1 57 1 86 1 82 1 45 1 14 1 93 1 42 1 81 1 12 1 96 1 66 1 66 1 90 1 61 1 89 1 59 1 35 1 19 1 36 1 92 1 23 1 81 1 2 1 5 1 27 1 18 1 5 1 63 1 92 1 38 1 49 1 33 1 8 1 36 1 31 1 96 1 28 1 9 1 44 1 17 1 36 1 36 1 9 1 39 1 90 1 14 1 4 1 68 1 56 1 84 1 17 1 75 1 65 1 12 1 10 1 59 1 88 1 48 1 33 1 32 1 34 1 6 1 50 1 10 1 7 1 75 1 20 1 8 1 21 1 7 1 99 1 57 1 61 1 7 1 90 1 10 1 0 1 36 1 78 1 38 1 93 1 15 1 15 1 72 1 47 1 43 1 51 1 39 1 95 1 26 1 14 1 85 1 19 1 80 1 98 1 56 1 9 1 89 1 45 1 65 1 76 1 51 1 41 1 73 1 15 1 44 1 46 1 3 1 83 1 40 1 33 1 53 1 86 1 52 1 12 1 68 1 82 1 87 1 68 1 62 1 4 1 96 1 12 1 64 1 9 1 45 1 16 1 9 1 61 1 78 1 61 1 31 1 12 1 11 1 56 1 60 1 99 1 97 1 42 1 6 1 23 1 44 1 7 1 84 1 87 1 80 1 57 1 78 1 40 1 9 1 62 1 66 1 21 1 36 1 7 1 26 1 37 1 36 1 6 1 52 1 30 1 67 1 0 1 36 1 16 1 15 1 46 1 99 1 77 1 12 1 80 1 36 1 24 1 10 1 87 1 54 1 35 1 23 1 31 1 73 1 77 1 57 1 94 1 16 1 65 1 71 1 12 1 76 1 25 1 7 1 9 1 75 1 50 1 92 1 6 1 63 1 88 1 29 1 0 1 36 1 3 1 15 1 31 1 75 1 97 1 8 1 96 1 9 1 16 1 77 1 75 1 24 1 57 1 19 1 92 1 44 1 57 1 15 1 72 1 54 1 25 1 67 1 37 1 48 1 96 1 70 1 36 1 13 1 42 1 41 1 78 1 3 1 81 1 62 1 19 1 8 1 11 1 76 1 82 1 67 1 23 1 68 1 20 1 51 1 20 1 49 1 62 1 24 1 91 1 65 1 71 1 29 1 69 1 73 1 83 1 27 1 68 1 88 1 11 1 30 1 24 1 57 1 39 1 59 1 60 1 79 1 24 1 77 1 86 1 1 1 65 1 32 1 47 1 62 1 91 1 79 1 91 1 0 1 87 1 31 1 23 1 18 1 35 1 10 1 24 1 19 1 57 1 92 1 64 1 76 1 5 1 36 1 31 1 66 1 92 1 26 1 20 1 77 1 4 1 85 1 7 1 5 1 12 1 6 1 71 1 18 1 94 1 81 1 69 1 33 1 71 1 81 1 86 1 62 1 0 1 19 1 41 1 79 1 9 1 85 1 79 1 82 1 80 1 56 1 19 1 94 1 86 1 59 1 22 1 63 1 83 1 30 1 28 1 50 1 99 1 65 1 97 1 39 1 83 1 13 1 53 1 92 1 24 1 53 1 13 1 95 1 11 1 20 1 69 1 43 1 68 1 67 1 51 1 10 1 15 1 64 1 91 1 49 1 40 1 87 1 23 1 44 1 38 1 21 1 67 1 52 1 52 1 12 1 56 1 62 1 51 1 84 1 0 1 16 1 27 1 17 1 20 1 8 1 10 1 61 1 90 1 63 1 90 1 58 1 4 1 32 1 42 1 73 1 10 1 11 1 57 1 53 1 14 1 72 1 0 1 7 1 21 1 38 1 60 1 81 1 34 1 37 1 82 1 41 1 10 1 33 1 37 1 4 1 9 1 91 1 49 1 60 1 71 1 36 1 59 1 49 1 75 1 25 1 87 1 28 1 80 1 7 1 55 1 72 1 7 1 23 1 97 1 62 1 12 1 14 1 38 1 96 1 19 1 47 1 63 1 74 1 58 1 69 1 32 1 12 1 67 1 79 1 22 1 66 1 48 1 54 1 63 1 84 1 47 1 79 1 0 1 37 1 23 1 20 1 11 1 55 1 38 1 45 1 19 1 9 1 77 1 43 1 8 1 92 1 76 1 49 1 2 1 52 1 13 1 71 1 74 1 71 1 4 1 1 1 86 1 91 1 0 1 22 1 15 1 64 1 57 1 71 1 13 1 82 1 77 1 85 1 50 1 58 1 70 1 54 1 9 1 5 1 10 1 74 1 91 1 58 1 66 1 77 1 83 1 71 1 15 1 33 1 91 1 58 1 21 1 44 1 83 1 18 1 73 1 85 1 40 1 84 1 27 1 61 1 28 1 6 1 15 1 73 1 14 1 31 1 54 1 12 1 32 1 12 1 39 1 79 1 12 1 57 1 18 1 1 1 47 1 35 1 87 1 25 1 93 1 59 1 33 1 53 1 7 1 7 1 52 1 93 1 90 1 69 1 33 1 35 1 23 1 76 1 61 1 18 1 15 1 49 1 79 1 32 1 2 1 88 1 35 1 56 1 5 1 22 1 34 1 46 1 4 1 75 1 93 1 20 1 48 1 98 1 87 1 46 1 97 1 67 1 20 1 39 1 73 1 99 1 16 1 5 1 56 1 64 1 34 1 0 1 17 1 61 1 56 1 0 1 29 1 99 1 4 1 88 1 27 1 60 1 96 1 34 1 82 1 53 1 48 1 1 1 4 1 40 1 36 1 50 1 22 1 84 1 81 1 19 1 72 1 1 1 90 1 43 1 69 1 74 1 79 1 8 1 85 1 85 1 22 1 11 1 78 1 87 1 2 1 75 1 21 1 82 1 16 1 93 1 70 1 60 1 81 1 75 1 12 1 63 1 51 1 28 1 48 1 87 1 57 1 89 1 90 1 5 1 89 1 5 1 89 1 85 1 67 1 36 1 5 1 23 1 59 1 36 1 88 1 34 1 51 1 32 1 66 1 88 1 35 1 15 1 69 1 97 1 87 1 86 1 90 1 90 1 69 1 52 1 96 1 55 1 1 1 0 1 90 1 34 1 94 1 0 1 74 1 88 1 86 1 25 1 53 1 91 1 68 1 75 1 20 1 81 1 99 1 85 1 95 1 19 1 51 1 95 1 39 1 95 1 69 1 45 1 98 1 94 1 79 1 47 1 43 1 96 1 26 1 63 1 45 1 26 1 71 1 19 1 85 1 19 1 80 1 79 1 34 1 26 1 47 1 58 1 24 1 96 1 73 1 98 1 91 1 53 1 39 1 0 1 30 1 6 1 60 1 28 1 38 1 0 1 10 1 28 1 58 1 87 1 94 1 52 1 80 1 56 1 98 1 15 1 55 1 22 1 43 1 59 1 49 1 28 1 0 1 70 1 65 1 92 1 89 1 66 1 92 1 52 1 57 1 24 1 90 1 87 1 5 1 31 1 89 1 56 1 38 1 90 1 50 1 67 1 96 1 91 1 44 1 16 1 33 1 58 1 62 1 66 1 19 1 32 1 2 1 18 1 77 1 81 1 93 1 89 1 47 1 71 1 49 1 47 1 41 1 65 1 79 1 14 1 99 1 60 1 66 1 27 1 71 1 94 1 17 1 41 1 95 1 15 1 97 1 74 1 51 1 74 1 46 1 17 1 79 1 66 1 79 1 1 1 97 1 52 1 37 1 50 1 70 1 31 1 14 1 68 1 97 1 91 1 78 1 13 1 19 1 29 1 12 1 3 1 36 1 98 1 89 1 86 1 9 1 43 1 95 1 99 1 4 1 75 1 33 1 4 1 61 1 63 1 61 1 22 1 51 1 61 1 42 1 62 1 88 1 85 1 3 1 74 1 18 1 56 1 96 1 78 1 11 1 37 1 36 1 89 1 60 1 20 1 77 1 98 1 18 1 97 1 80 1 38 1 35 1 62 1 3 1 40 1 92 1 76 1 74 1 26 1 34 1 64 1 47 1 43 1 92 1 76 1 63 1 68 1 90 1 16 1 96 1 53 1 60 1 57 1 77 1 58 1 65 1 94 1 38 1 30 1 13 1 27 1 11 1 51 1 46 1 48 1 82 1 26 1 71 1 8 1 78 1 73 1 5 1 15 1 42 1 22 1 90 1 18 1 84 1 50 1 44 1 69 1 10 1 97 1 2 1 53 1 60 1 42 1 91 1 56 1 57 1 36 1 89 1 26 1 58 1 57 1 1 1 40 1 12 1 67 1 48 1 13 1 23 1 32 1 75 1 36 1 71 1 97 1 54 1 41 1 21 1 37 1 72 1 81 1 46 1 36 1 32 1 45 1 91 1 24 1 69 1 41 1 81 1 18 1 83 1 77 1 93 1 68 1 8 1 90 1 20 1 47 1 6 1 15 1 41 1 39 1 35 1 33 1 94 1 16 1 35 1 70 1 76 1 96 1 63 1 40 1 91 1 91 1 51 1 89 1 80 1 85 1 17 1 17 1 23 1 2 1 29 1 8 1 50 1 67 1 86 1 32 1 39 1 88 1 15 1 29 1 92 1 0 1 4 1 12 1 7 1 39 1 77 1 7 1 85 1 76 1 14 1 60 1 22 1 35 1 9 1 97 1 93 1 86 1 76 1 13 1 63 1 42 1 1 1 77 1 71 1 92 1 84 1 95 1 11 1 93 1 79 1 77 1 39 1 19 1 49 1 40 1 75 1 55 1 33 1 34 1 65 1 82 1 48 1 21 1 7 1 67 1 3 1 44 1 30 1 78 1 50 1 51 1 95 1 66 1 95 1 65 1 58 1 84 1 14 1 56 1 10 1 48 1 43 1 55 1 62 1 57 1 44 1 62 1 86 1 57 1 85 1 95 1 57 1 99 1 77 1 36 1 30 1 84 1 47 1 71 1 96 1 6 1 93 1 53 1 83 1 55 1 38 1 80 1 5 1 15 1 33 1 34 1 47 1 89 1 94 1 83 1 3 1 0 1 19 1 5 1 14 1 74 1 64 1 95 1 38 1 93 1 20 1 5 1 35 1 49 1 14 1 8 1 29 1 33 1 83 1 36 1 40 1 82 1 36 1 6 1 78 1 4 1 46 1 4 1 7 1 24 1 83 1 44 1 19 1 51 1 6 1 88 1 19 1 92 1 17 1 92 1 52 1 80 1 20 1 81 1 22 1 96 1 1 1 93 1 38 1 53 1 74 1 97 1 69 1 59 1 61 1 55 1 14 1 19 1 7 1 27 1 58 1 66 1 1 1 73 1 1 1 83 1 12 1 76 1 88 1 85 1 69 1 9 1 66 1 99 1 64 1 0 1 95 1 2 1 24 1 18 1 11 1 56 1 34 1 0 1 73 1 84 1 94 1 23 1 69 1 67 1 71 1 45 1 76 1 35 1 97 1 41 1 76 1 54 1 88 1 3 1 95 1 37 1 45 1 58 1 89 1 4 1 47 1 14 1 83 1 61 1 13 1 25 1 54 1 60 1 76 1 71 1 79 1 70 1 99 1 21 1 92 1 88 1 89 1 37 1 79 1 12 1 97 1 27 1 15 1 96 1 23 1 46 1 59 1 62 1 68 1 68 1 61 1 38 1 68 1 11 1 82 1 31 1 95 1 99 1 23 1 26 1 97 1 9 1 67 1 16 1 90 1 29 1 69 1 78 1 9 1 1 1 89 1 66 1 40 1 49 1 18 1 14 1 75 1 41 1 63 1 20 1 64 1 76 1 9 1 93 1 34 1 45 1 20 1 80 1 54 1 3 1 78 1 43 1 88 1 78 1 15 1 84 1 95 1 83 1 7 1 9 1 33 1 85 1 96 1 37 1 13 1 87 1 60 1 25 1 45 1 16 1 74 1 51 1 68 1 66 1 30 1 53 1 4 1 41 1 63 1 39 1 90 1 37 1 70 1 40 1 51 1 85 1 71 1 26 1 22 1 63 1 24 1 6 1 91 1 51 1 5 1 4 1 61 1 8 1 51 1 97 1 48 1 64 1 26 1 8 1 24 1 54 1 88 1 45 1 91 1 18 1 22 1 19 1 68 1 82 1 89 1 48 1 82 1 43 1 74 1 7 1 26 1 95 1 46 1 15 1 4 1 30 1 4 1 50 1 14 1 84 1 13 1 24 1 93 1 17 1 62 1 13 1 59 1 63 1 95 1 64 1 17 1 30 1 62 1 46 1 13 1 90 1 19 1 59 1 34 1 73 1 98 1 7 1 82 1 81 1 72 1 58 1 87 1 62 1 84 1 46 1 42 1 53 1 84 1 69 1 87 1 62 1 49 1 16 1 41 1 52 1 37 1 84 1 87 1 43 1 0 1 13 1 49 1 36 1 53 1 61 1 97 1 82 1 76 1 28 1 83 1 9 1 68 1 46 1 75 1 56 1 80 1 98 1 54 1 61 1 69 1 83 1 78 1 86 1 17 1 94 1 61 1 81 1 31 1 82 1 89 1 81 1 16 1 44 1 8 1 17 1 48 1 95 1 59 1 28 1 81 1 91 1 81 1 77 1 8 1 58 1 56 1 12 1 61 1 96 1 12 1 38 1 51 1 50 1 69 1 37 1 10 1 26 1 91 1 37 1 20 1 96 1 21 1 3 1 89 1 29 1 79 1 44 1 48 1 94 1 88 1 3 1 33 1 29 1 69 1 33 1 73 1 14 1 84 1 21 1 70 1 55 1 57 1 82 1 14 1 28 1 48 1 14 1 91 1 97 1 4 1 47 1 17 1 74 1 14 1 36 1 86 1 20 1 75 1 79 1 74 1 16 1 53 1 36 1 52 1 72 1 62 1 3 1 64 1 98 1 39 1 18 1 7 1 60 1 11 1 52 1 22 1 2 1 76 1 46 1 20 1 42 1 95 1 1 1 64 1 82 1 91 1 92 1 98 1 85 1 96 1 62 1 41 1 6 1 72 1 76 1 73 1 3 1 96 1 31 1 54 1 50 1 69 1 57 1 51 1 62 1 92 1 64 1 99 1 58 1 78 1 78 1 7 1 67 1 21 1 85 1 69 1 56 1 50 1 78 1 10 1 5 1 39 1 57 1 40 1 17 1 83 1 85 1 34 1 40 1 20 1 95 1 81 1 53 1 19 1 71 1 28 1 92 1 28 1 6 1 86 1 26 1 63 1 76 1 61 1 56 1 62 1 53 1 39 1 67 1 60 1 82 1 0 1 30 1 20 1 34 1 69 1 40 1 12 1 59 1 67 1 23 1 25 1 34 1 19 1 67 1 45 1 10 1 20 1 30 1 36 1 33 1 46 1 70 1 60 1 59 1 43 1 71 1 21 1 97 1 10 1 1 1 43 1 85 1 53 1 53 1 81 1 63 1 21 1 20 1 11 1 10 1 67 1 9 1 64 1 65 1 97 1 6 1 67 1 8 1 9 1 61 1 57 1 35 1 45 1 53 1 12 1 40 1 83 1 34 1 65 1 31 1 75 1 35 1 4 1 83 1 15 1 0 1 86 1 64 1 31 1 59 1 35 1 79 1 52 1 19 1 58 1 29 1 69 1 90 1 92 1 32 1 43 1 65 1 93 1 14 1 72 1 56 1 71 1 45 1 27 1 98 1 61 1 15 1 78 1 12 1 31 1 71 1 10 1 12 1 32 1 79 1 23 1 79 1 69 1 28 1 41 1 45 1 9 1 91 1 43 1 53 1 46 1 86 1 47 1 26 1 6 1 12 1 4 1 58 1 3 1 41 1 10 1 57 1 48 1 91 1 56 1 94 1 37 1 13 1 13 1 32 1 66 1 54 1 54 1 66 1 90 1 72 1 19 1 69 1 94 1 31 1 25 1 9 1 68 1 6 1 14 1 62 1 67 1 38 1 38 1 92 1 19 1 43 1 26 1 34 1 6 1 50 1 26 1 60 1 69 1 91 1 15 1 71 1 66 1 41 1 39 1 84 1 12 1 25 1 61 1 40 1 19 1 6 1 40 1 96 1 41 1 59 1 10 1 72 1 13 1 67 1 42 1 14 1 96 1 42 1 27 1 93 1 78 1 44 1 64 1 8 1 91 1 16 1 97 1 73 1 80 1 88 1 90 1 12 1 61 1 53 1 41 1 71 1 30 1 33 1 58 1 39 1 16 1 3 1 73 1 73 1 11 1 69 1 7 1 23 1 81 1 35 1 9 1 39 1 5 1 63 1 26 1 52 1 47 1 88 1 84 1 86 1 69 1 99 1 11 1 34 1 13 1 40 1 96 1 78 1 52 1 42 1 84 1 1 1 37 1 40 1 25 1 43 1 43 1 56 1 74 1 34 1 62 1 58 1 29 1 22 1 6 1 92 1 64 1 63 1 1 1 75 1 85 1 40 1 23 1 88 1 14 1 95 1 59 1 99 1 95 1 10 1 81 1 33 1 46 1 49 1 36 1 91 1 68 1 81 1 39 1 80 1 78 1 58 1 63 1 7 1 40 1 75 1 68 1 60 1 90 1 35 1 55 1 53 1 94 1 44 1 68 1 46 1 61 1 26 1 26 1 29 1 89 1 84 1 25 1 10 1 77 1 14 1 68 1 50 1 31 1 93 1 38 1 4 1 28 1 72 1 1 1 65 1 79 1 26 1 93 1 62 1 58 1 32 1 16 1 41 1 16 1 90 1 89 1 45 1 32 1 51 1 29 1 33 1 73 1 95 1 95 1 73 1 81 1 48 1 50 1 15 1 49 1 22 1 87 1 65 1 40 1 67 1 73 1 65 1 23 1 36 1 8 1 52 1 17 1 14 1 33 1 39 1 34 1 60 1 86 1 67 1 21 1 49 1 81 1 79 1 70 1 10 1 0 1 7 1 64 1 81 1 29 1 34 1 79 1 14 1 22 1 23 1 38 1 5 1 12 1 52 1 26 1 79 1 33 1 94 1 97 1 72 1 71 1 31 1 91 1 52 1 42 1 12 1 60 1 94 1 76 1 39 1 86 1 84 1 82 1 7 1 68 1 2 1 17 1 34 1 24 1 76 1 87 1 77 1 91 1 32 1 70 1 24 1 57 1 96 1 82 1 96 1 96 1 31 1 9 1 27 1 22 1 56 1 98 1 66 1 51 1 37 1 0 1 62 1 60 1 1 1 55 1 28 1 20 1 65 1 1 1 53 1 54 1 57 1 72 1 26 1 8 1 0 1 95 1 96 1 77 1 51 1 1 1 84 1 43 1 64 1 83 1 63 1 79 1 60 1 53 1 39 1 27 1 65 1 40 1 60 1 85 1 2 1 10 1 63 1 32 1 10 1 27 1 84 1 3 1 22 1 14 1 87 1 46 1 76 1 72 1 86 1 56 1 58 1 16 1 4 1 19 1 74 1 28 1 94 1 38 1 22 1 66 1 62 1 76 1 84 1 71 1 79 1 60 1 96 1 56 1 73 1 55 1 24 1 57 1 63 1 73 1 43 1 35 1 43 1 61 1 35 1 58 1 82 1 34 1 81 1 61 1 73 1 22 1 94 1 83 1 31 1 17 1 19 1 46 1 96 1 62 1 75 1 89 1 43 1 43 1 83 1 20 1 17 1 64 1 20 1 55 1 38 1 86 1 55 1 20 1 0 1 50 1 95 1 17 1 41 1 28 1 85 1 15 1 37 1 12 1 28 1 29 1 52 1 33 1 71 1 86 1 78 1 34 1 30 1 52 1 65 1 48 1 39 1 75 1 23 1 9 1 83 1 5 1 42 1 58 1 26 1 25 1 57 1 15 1 38 1 44 1 2 1 91 1 61 1 27 1 21 1 0 1 88 1 16 1 51 1 93 1 47 1 9 1 5 1 71 1 24 1 47 1 91 1 96 1 66 1 18 1 59 1 18 1 29 1 2 1 25 1 61 1 42 1 4 1 80 1 58 1 44 1 99 1 14 1 24 1 75 1 37 1 39 1 8 1 83 1 51 1 84 1 54 1 99 1 95 1 79 1 4 1 23 1 90 1 18 1 54 1 18 1 61 1 13 1 40 1 38 1 42 1 11 1 10 1 36 1 42 1 73 1 81 1 40 1 25 1 80 1 9 1 77 1 23 1 75 1 10 1 65 1 25 1 65 1 13 1 12 1 69 1 75 1 7 1 83 1 46 1 47 1 26 1 64 1 74 1 28 1 16 1 6 1 22 1 11 1 22 1 81 1 69 1 40 1 13 1 32 1 91 1 40 1 90 1 13 1 59 1 46 1 16 1 7 1 51 1 58 1 20 1 9 1 20 1 56 1 0 1 68 1 39 1 95 1 40 1 36 1 69 1 24 1 89 1 45 1 17 1 5 1 40 1 98 1 97 1 73 1 46 1 67 1 85 1 88 1 98 1 80 1 74 1 13 1 22 1 37 1 83 1 28 1 14 1 63 1 58 1 42 1 84 1 40 1 45 1 87 1 19 1 12 1 47 1 99 1 50 1 8 1 76 1 6 1 76 1 93 1 92 1 75 1 23 1 53 1 50 1 87 1 25 1 38 1 23 1 63 1 64 1 58 1 48 1 85 1 63 1 20 1 24 1 30 1 0 1 93 1 93 1 68 1 4 1 69 1 3 1 43 1 49 1 79 1 38 1 10 1 43 1 60 1 46 1 43 1 54 1 35 1 29 1 90 1 1 1 66 1 78 1 33 1 87 1 87 1 94 1 91 1 97 1 30 1 59 1 31 1 83 1 26 1 0 1 27 1 47 1 50 1 27 1 48 1 22 1 37 1 75 1 85 1 79 1 75 1 63 1 6 1 50 1 1 1 47 1 46 1 14 1 28 1 73 1 34 1 80 1 91 1 3 1 74 1 61 1 12 1 65 1 58 1 49 1 79 1 22 1 7 1 81 1 49 1 49 1 57 1 11 1 94 1 34 1 31 1 48 1 33 1 22 1 60 1 22 1 13 1 8 1 81 1 46 1 31 1 95 1 97 1 87 1 24 1 27 1 92 1 17 1 76 1 67 1 11 1 97 1 55 1 2 1 18 1 68 1 23 1 48 1 24 1 51 1 68 1 92 1 68 1 63 1 44 1 48 1 27 1 78 1 43 1 80 1 43 1 58 1 16 1 14 1 33 1 96 1 74 1 42 1 35 1 81 1 31 1 45 1 0 1 91 1 20 1 7 1 72 1 53 1 33 1 29 1 2 1 81 1 32 1 94 1 65 1 38 1 97 1 48 1 54 1 40 1 11 1 18 1 90 1 9 1 84 1 63 1 50 1 40 1 23 1 67 1 48 1 19 1 98 1 17 1 57 1 97 1 29 1 95 1 63 1 34 1 54 1 44 1 4 1 70 1 5 1 14 1 36 1 9 1 31 1 70 1 33 1 97 1 64 1 69 1 39 1 28 1 90 1 42 1 63 1 17 1 10 1 17 1 7 1 24 1 4 1 36 1 77 1 57 1 10 1 87 1 84 1 19 1 51 1 10 1 57 1 14 1 75 1 20 1 21 1 55 1 95 1 54 1 18 1 70 1 62 1 86 1 52 1 91 1 67 1 71 1 88 1 23 1 63 1 22 1 91 1 68 1 32 1 93 1 6 1 74 1 69 1 41 1 60 1 21 1 94 1 67 1 18 1 36 1 24 1 19 1 84 1 34 1 45 1 99 1 75 1 86 1 85 1 2 1 21 1 78 1 65 1 19 1 29 1 68 1 18 1 59 1 17 1 26 1 24 1 95 1 94 1 16 1 69 1 74 1 28 1 20 1 54 1 54 1 68 1 21 1 79 1 30 1 59 1 61 1 65 1 34 1 94 1 29 1 22 1 18 1 27 1 80 1 45 1 55 1 2 1 75 1 65 1 36 1 94 1 98 1 93 1 77 1 76 1 42 1 44 1 33 1 69 1 46 1 8 1 81 1 92 1 8 1 5 1 56 1 69 1 86 1 27 1 30 1 92 1 95 1 61 1 16 1 86 1 77 1 32 1 72 1 56 1 44 1 88 1 88 1 34 1 37 1 57 1 11 1 9 1 33 1 76 1 70 1 10 1 91 1 51 1 21 1 31 1 30 1 10 1 23 1 75 1 88 1 27 1 43 1 0 1 19 1 17 1 51 1 79 1 3 1 81 1 48 1 96 1 10 1 44 1 3 1 4 1 87 1 44 1 35 1 83 1 81 1 73 1 61 1 46 1 88 1 31 1 34 1 44 1 91 1 2 1 62 1 57 1 81 1 3 1 65 1 69 1 19 1 99 1 62 1 76 1 96 1 48 1 8 1 78 1 9 1 40 1 27 1 67 1 39 1 39 1 94 1 75 1 96 1 2 1 40 1 42 1 16 1 87 1 28 1 29 1 71 1 84 1 93 1 83 1 88 1 12 1 6 1 1 1 60 1 5 1 8 1 11 1 93 1 64 1 27 1 5 1 26 1 93 1 3 1 20 1 25 1 15 1 51 1 14 1 46 1 72 1 34 1 44 1 9 1 93 1 75 1 83 1 71 1 59 1 15 1 91 1 93 1 95 1 74 1 95 1 12 1 52 1 56 1 46 1 45 1 66 1 78 1 25 1 67 1 78 1 66 1 60 1 41 1 12 1 31 1 1 1 90 1 33 1 75 1 98 1 95 1 17 1 64 1 6 1 35 1 90 1 69 1 32 1 42 1 66 1 71 1 89 1 32 1 76 1 19 1 8 1 53 1 16 1 67 1 25 1 66 1 84 1 27 1 33 1 10 1 94 1 65 1 73 1 46 1 79 1 41 1 93 1 86 1 99 1 63 1 93 1 2 1 4 1 59 1 47 1 8 1 50 1 40 1 4 1 7 1 48 1 84 1 12 1 94 1 33 1 93 1 2 1 53 1 99 1 10 1 84 1 73 1 7 1 98 1 54 1 90 1 27 1 18 1 69 1 15 1 76 1 35 1 22 1 4 1 89 1 5 1 74 1 45 1 81 1 87 1 56 1 63 1 93 1 54 1 49 1 45 1 34 1 69 1 67 1 87 1 67 1 9 1 62 1 97 1 8 1 2 1 17 1 54 1 54 1 83 1 44 1 61 1 25 1 3 1 5 1 27 1 43 1 69 1 68 1 44 1 70 1 18 1 75 1 78 1 61 1 1 1 45 1 39 1 31 1 57 1 60 1 0 1 57 1 64 1 55 1 36 1 44 1 37 1 46 1 1 1 31 1 83 1 74 1 64 1 35 1 50 1 13 1 29 1 70 1 40 1 16 1 99 1 12 1 57 1 69 1 57 1 23 1 72 1 84 1 62 1 35 1 83 1 75 1 72 1 71 1 64 1 25 1 63 1 92 1 8 1 20 1 62 1 38 1 33 1 45 1 3 1 16 1 23 1 45 1 19 1 90 1 58 1 50 1 58 1 62 1 4 1 54 1 4 1 16 1 18 1 44 1 20 1 95 1 23 1 95 1 86 1 78 1 6 1 77 1 17 1 86 1 63 1 56 1 88 1 63 1 79 1 73 1 92 1 4 1 75 1 37 1 26 1 86 1 17 1 94 1 7 1 75 1 26 1 8 1 69 1 94 1 69 1 71 1 26 1 86 1 41 1 69 1 10 1 45 1 13 1 7 1 78 1 28 1 78 1 45 1 78 1 22 1 74 1 50 1 62 1 36 1 51 1 41 1 52 1 87 1 44 1 18 1 73 1 70 1 31 1 3 1 55 1 48 1 92 1 85 1 83 1 94 1 89 1 89 1 7 1 61 1 86 1 51 1 40 1 58 1 34 1 94 1 23 1 61 1 39 1 74 1 32 1 1 1 80 1 91 1 32 1 91 1 5 1 39 1 11 1 43 1 56 1 23 1 89 1 24 1 13 1 9 1 81 1 60 1 5 1 75 1 47 1 70 1 38 1 9 1 95 1 92 1 30 1 67 1 52 1 28 1 55 1 6 1 51 1 76 1 78 1 41 1 23 1 17 1 56 1 60 1 20 1 37 1 7 1 19 1 16 1 48 1 39 1 31 1 25 1 54 1 56 1 11 1 23 1 9 1 84 1 3 1 58 1 6 1 68 1 56 1 66 1 22 1 59 1 9 1 24 1 79 1 64 1 20 1 38 1 60 1 75 1 97 1 63 1 28 1 63 1 11 1 8 1 9 1 32 1 31 1 48 1 17 1 5 1 87 1 86 1 71 1 86 1 46 1 58 1 28 1 19 1 19 1 16 1 57 1 99 1 93 1 32 1 60 1 75 1 20 1 31 1 49 1 73 1 37 1 76 1 34 1 80 1 28 1 89 1 52 1 70 1 55 1 43 1 43 1 59 1 16 1 34 1 61 1 17 1 2 1 58 1 45 1 98 1 90 1 45 1 9 1 59 1 76 1 78 1 37 1 15 1 89 1 27 1 71 1 57 1 76 1 56 1 70 1 72 1 73 1 12 1 11 1 82 1 93 1 70 1 17 1 5 1 20 1 46 1 63 1 24 1 2 1 7 1 17 1 5 1 67 1 15 1 68 1 99 1 79 1 77 1 42 1 27 1 91 1 91 1 29 1 49 1 19 1 81 1 68 1 5 1 57 1 65 1 53 1 62 1 0 1 30 1 69 1 87 1 6 1 47 1 42 1 51 1 32 1 90 1 53 1 15 1 44 1 4 1 20 1 81 1 79 1 52 1 40 1 50 1 65 1 41 1 38 1 36 1 33 1 27 1 2 1 23 1 48 1 18 1 16 1 40 1 89 1 81 1 83 1 41 1 88 1 79 1 54 1 73 1 7 1 5 1 71 1 11 1 69 1 78 1 92 1 74 1 13 1 10 1 84 1 97 1 87 1 12 1 14 1 76 1 6 1 14 1 48 1 73 1 14 1 38 1 46 1 11 1 18 1 47 1 34 1 90 1 5 1 41 1 36 1 24 1 47 1 8 1 21 1 74 1 27 1 17 1 25 1 59 1 5 1 38 1 69 1 55 1 74 1 64 1 51 1 84 1 9 1 95 1 19 1 55 1 79 1 71 1 49 1 86 1 48 1 99 1 91 1 81 1 13 1 64 1 71 1 50 1 26 1 14 1 61 1 71 1 87 1 49 1 8 1 96 1 9 1 19 1 89 1 1 1 90 1 34 1 21 1 62 1 1 1 85 1 21 1 58 1 72 1 87 1 93 1 16 1 49 1 98 1 18 1 43 1 18 1 5 1 68 1 83 1 47 1 2 1 82 1 14 1 0 1 15 1 47 1 34 1 44 1 75 1 77 1 83 1 8 1 81 1 5 1 92 1 40 1 51 1 47 1 96 1 47 1 16 1 99 1 44 1 74 1 89 1 38 1 89 1 3 1 24 1 75 1 1 1 34 1 23 1 95 1 60 1 72 1 45 1 9 1 68 1 8 1 48 1 88 1 65 1 44 1 49 1 6 1 65 1 24 1 39 1 52 1 33 1 35 1 33 1 36 1 89 1 15 1 67 1 19 1 85 1 3 1 54 1 68 1 65 1 46 1 52 1 35 1 18 1 80 1 53 1 56 1 51 1 46 1 52 1 74 1 94 1 52 1 83 1 16 1 24 1 90 1 43 1 12 1 23 1 26 1 81 1 19 1 85 1 62 1 7 1 13 1 18 1 30 1 83 1 15 1 48 1 58 1 48 1 55 1 16 1 33 1 38 1 66 1 89 1 15 1 92 1 1 1 44 1 47 1 41 1 67 1 57 1 7 1 11 1 23 1 51 1 97 1 22 1 53 1 9 1 58 1 88 1 10 1 87 1 75 1 62 1 55 1 48 1 77 1 74 1 14 1 21 1 7 1 98 1 24 1 91 1 13 1 64 1 94 1 32 1 0 1 47 1 3 1 0 1 30 1 45 1 44 1 14 1 66 1 66 1 92 1 26 1 66 1 84 1 19 1 96 1 89 1 47 1 26 1 27 1 16 1 16 1 16 1 16 1 19 1 96 1 88 1 23 1 59 1 90 1 85 1 78 1 58 1 37 1 72 1 13 1 24 1 77 1 25 1 11 1 80 1 89 1 16 1 55 1 20 1 58 1 98 1 54 1 73 1 80 1 68 1 2 1 65 1 87 1 81 1 64 1 64 1 82 1 32 1 48 1 13 1 34 1 96 1 42 1 89 1 39 1 47 1 61 1 71 1 17 1 7 1 51 1 52 1 82 1 55 1 69 1 56 1 9 1 54 1 28 1 71 1 40 1 68 1 83 1 58 1 29 1 75 1 92 1 64 1 52 1 94 1 10 1 49 1 19 1 78 1 28 1 87 1 59 1 31 1 6 1 95 1 2 1 68 1 84 1 36 1 80 1 60 1 20 1 16 1 46 1 27 1 56 1 80 1 98 1 67 1 76 1 99 1 56 1 79 1 26 1 12 1 58 1 44 1 7 1 83 1 5 1 48 1 36 1 61 1 71 1 61 1 0 1 17 1 70 1 39 1 2 1 95 1 43 1 32 1 77 1 57 1 94 1 2 1 26 1 70 1 96 1 49 1 16 1 40 1 36 1 52 1 73 1 84 1 34 1 6 1 70 1 0 1 4 1 7 1 57 1 96 1 9 1 15 1 69 1 19 1 39 1 63 1 27 1 88 1 82 1 2 1 42 1 55 1 78 1 41 1 56 1 56 1 34 1 48 1 69 1 17 1 55 1 97 1 98 1 1 1 74 1 83 1 26 1 5 1 70 1 58 1 54 1 4 1 66 1 85 1 92 1 60 1 49 1 29 1 80 1 60 1 99 1 62 1 46 1 87 1 37 1 16 1 38 1 33 1 89 1 74 1 9 1 56 1 85 1 58 1 79 1 57 1 24 1 0 1 56 1 38 1 37 1 33 1 82 1 59 1 67 1 41 1 24 1 80 1 22 1 80 1 68 1 40 1 24 1 72 1 36 1 26 1 69 1 88 1 12 1 88 1 97 1 91 1 8 1 33 1 89 1 48 1 94 1 50 1 76 1 68 1 61 1 70 1 24 1 78 1 63 1 1 1 70 1 58 1 64 1 53 1 60 1 44 1 0 1 91 1 20 1 61 1 63 1 32 1 1 1 8 1 50 1 5 1 94 1 12 1 21 1 88 1 30 1 59 1 25 1 80 1 5 1 81 1 63 1 25 1 1 1 54 1 7 1 87 1 77 1 71 1 82 1 56 1 48 1 79 1 75 1 93 1 47 1 75 1 81 1 77 1 3 1 88 1 32 1 53 1 35 1 21 1 71 1 79 1 14 1 46 1 77 1 5 1 61 1 0 1 55 1 68 1 29 1 69 1 28 1 74 1 85 1 3 1 62 1 50 1 15 1 64 1 1 1 10 1 58 1 36 1 64 1 87 1 31 1 45 1 83 1 4 1 52 1 89 1 85 1 63 1 11 1 6 1 79 1 46 1 51 1 44 1 58 1 38 1 54 1 38 1 56 1 23 1 0 1 12 1 55 1 13 1 98 1 33 1 44 1 2 1 80 1 81 1 33 1 2 1 49 1 0 1 19 1 37 1 35 1 99 1 79 1 42 1 69 1 32 1 12 1 6 1 48 1 51 1 64 1 73 1 84 1 96 1 86 1 27 1 44 1 24 1 14 1 67 1 99 1 68 1 35 1 94 1 6 1 91 1 20 1 10 1 88 1 60 1 93 1 57 1 51 1 29 1 63 1 31 1 61 1 61 1 79 1 6 1 71 1 88 1 27 1 9 1 44 1 30 1 32 1 37 1 54 1 20 1 32 1 11 1 31 1 79 1 68 1 6 1 53 1 87 1 14 1 11 1 92 1 78 1 25 1 5 1 85 1 77 1 62 1 93 1 34 1 8 1 38 1 55 1 20 1 75 1 4 1 60 1 42 1 29 1 22 1 13 1 4 1 76 1 12 1 73 1 74 1 97 1 53 1 59 1 58 1 70 1 36 1 63 1 60 1 56 1 20 1 35 1 54 1 26 1 63 1 72 1 73 1 34 1 3 1 24 1 66 1 70 1 54 1 75 1 42 1 3 1 66 1 88 1 67 1 86 1 90 1 70 1 80 1 70 1 30 1 69 1 92 1 87 1 58 1 46 1 22 1 42 1 37 1 64 1 28 1 35 1 22 1 47 1 59 1 16 1 19 1 80 1 92 1 40 1 11 1 26 1 65 1 24 1 72 1 5 1 82 1 43 1 92 1 62 1 17 1 0 1 28 1 59 1 30 1 95 1 64 1 88 1 54 1 34 1 5 1 59 1 23 1 38 1 46 1 62 1 46 1 18 1 73 1 63 1 56 1 9 1 71 1 0 1 13 1 99 1 14 1 40 1 4 1 88 1 87 1 5 1 94 1 56 1 10 1 45 1 17 1 39 1 36 1 69 1 84 1 16 1 79 1 16 1 41 1 40 1 81 1 54 1 63 1 7 1 67 1 5 1 95 1 73 1 80 1 67 1 28 1 50 1 29 1 41 1 70 1 54 1 35 1 28 1 80 1 46 1 11 1 51 1 91 1 45 1 50 1 0 1 82 1 82 1 5 1 19 1 87 1 38 1 28 1 46 1 38 1 96 1 31 1 45 1 87 1 60 1 42 1 2 1 36 1 30 1 33 1 18 1 94 1 98 1 5 1 26 1 27 1 88 1 99 1 11 1 13 1 7 1 37 1 85 1 70 1 84 1 68 1 74 1 50 1 67 1 13 1 32 1 99 1 22 1 72 1 55 1 59 1 69 1 87 1 81 1 11 1 90 1 57 1 1 1 66 1 71 1 86 1 13 1 81 1 47 1 53 1 70 1 39 1 50 1 16 1 45 1 94 1 23 1 68 1 72 1 18 1 44 1 49 1 1 1 26 1 25 1 29 1 79 1 44 1 96 1 49 1 7 1 79 1 73 1 50 1 13 1 48 1 56 1 78 1 87 1 5 1 3 1 82 1 7 1 43 1 23 1 22 1 56 1 34 1 11 1 97 1 97 1 78 1 97 1 34 1 66 1 15 1 11 1 78 1 0 1 20 1 88 1 48 1 63 1 63 1 34 1 17 1 63 1 2 1 12 1 12 1 77 1 60 1 28 1 73 1 69 1 95 1 68 1 90 1 82 1 36 1 23 1 9 1 97 1 29 1 94 1 2 1 14 1 7 1 96 1 31 1 68 1 69 1 18 1 0 1 23 1 39 1 7 1 80 1 65 1 74 1 17 1 56 1 34 1 2 1 12 1 58 1 60 1 54 1 87 1 55 1 66 1 33 1 62 1 66 1 63 1 11 1 81 1 21 1 86 1 91 1 38 1 57 1 35 1 38 1 73 1 81 1 93 1 73 1 22 1 8 1 68 1 14 1 20 1 93 1 86 1 81 1 53 1 40 1 35 1 56 1 3 1 72 1 65 1 79 1 64 1 19 1 12 1 99 1 33 1 53 1 10 1 7 1 27 1 29 1 96 1 16 1 0 1 89 1 22 1 89 1 57 1 96 1 70 1 30 1 59 1 51 1 25 1 35 1 27 1 7 1 95 1 49 1 43 1 3 1 85 1 9 1 22 1 22 1 37 1 91 1 35 1 81 1 98 1 2 1 84 1 84 1 89 1 65 1 63 1 17 1 87 1 36 1 60 1 72 1 85 1 79 1 90 1 49 1 98 1 3 1 1 1 86 1 59 1 2 1 36 1 18 1 74 1 84 1 9 1 52 1 69 1 71 1 65 1 99 1 85 1 84 1 25 1 95 1 34 1 94 1 29 1 52 1 85 1 6 1 13 1 51 1 61 1 77 1 74 1 93 1 81 1 51 1 45 1 48 1 97 1 98 1 39 1 58 1 87 1 45 1 75 1 74 1 49 1 60 1 89 1 52 1 21 1 22 1 66 1 6 1 20 1 71 1 88 1 74 1 95 1 52 1 64 1 0 1 87 1 21 1 8 1 49 1 89 1 69 1 46 1 0 1 79 1 90 1 82 1 73 1 90 1 55 1 68 1 72 1 75 1 55 1 30 1 4 1 47 1 32 1 59 1 13 1 96 1 97 1 95 1 79 1 44 1 33 1 38 1 56 1 21 1 16 1 29 1 84 1 6 1 78 1 20 1 40 1 37 1 91 1 29 1 92 1 70 1 45 1 67 1 44 1 53 1 71 1 30 1 31 1 5 1 10 1 21 1 35 1 55 1 63 1 53 1 19 1 13 1 71 1 64 1 98 1 97 1 55 1 87 1 83 1 61 1 31 1 41 1 62 1 34 1 15 1 56 1 49 1 87 1 95 1 26 1 42 1 20 1 5 1 78 1 28 1 44 1 70 1 1 1 89 1 71 1 58 1 53 1 74 1 62 1 89 1 18 1 58 1 62 1 43 1 93 1 42 1 6 1 89 1 95 1 79 1 49 1 40 1 86 1 88 1 62 1 80 1 93 1 15 1 45 1 3 1 28 1 31 1 62 1 54 1 76 1 5 1 1 1 81 1 20 1 86 1 75 1 19 1 21 1 2 1 72 1 99 1 91 1 37 1 86 1 66 1 43 1 20 1 29 1 99 1 76 1 13 1 79 1 44 1 35 1 96 1 32 1 97 1 82 1 46 1 83 1 35 1 83 1 15 1 21 1 26 1 23 1 47 1 15 1 28 1 28 1 87 1 70 1 44 1 7 1 99 1 34 1 62 1 47 1 16 1 85 1 61 1 24 1 34 1 21 1 36 1 30 1 59 1 84 1 65 1 6 1 70 1 18 1 45 1 47 1 77 1 57 1 72 1 92 1 68 1 34 1 73 1 16 1 54 1 73 1 48 1 3 1 11 1 47 1 43 1 79 1 17 1 75 1 2 1 29 1 69 1 78 1 28 1 54 1 43 1 61 1 93 1 32 1 40 1 98 1 3 1 92 1 64 1 81 1 41 1 76 1 77 1 71 1 75 1 84 1 22 1 23 1 1 1 27 1 74 1 13 1 30 1 29 1 65 1 41 1 85 1 24 1 83 1 61 1 44 1 24 1 40 1 70 1 86 1 89 1 21 1 28 1 92 1 98 1 25 1 63 1 77 1 11 1 72 1 85 1 31 1 44 1 66 1 57 1 52 1 24 1 43 1 73 1 84 1 70 1 99 1 2 1 24 1 73 1 97 1 48 1 73 1 54 1 93 1 25 1 21 1 1 1 92 1 69 1 37 1 71 1 99 1 33 1 97 1 52 1 14 1 1 1 63 1 54 1 47 1 72 1 46 1 47 1 10 1 92 1 51 1 81 1 62 1 73 1 6 1 63 1 3 1 53 1 39 1 42 1 69 1 10 1 94 1 61 1 85 1 97 1 35 1 18 1 97 1 52 1 70 1 84 1 21 1 73 1 60 1 14 1 34 1 86 1 39 1 48 1 42 1 26 1 73 1 48 1 10 1 47 1 0 1 24 1 13 1 69 1 25 1 2 1 9 1 77 1 66 1 94 1 16 1 37 1 51 1 39 1 37 1 67 1 19 1 70 1 89 1 50 1 48 1 66 1 44 1 64 1 71 1 89 1 20 1 78 1 33 1 53 1 1 1 2 1 31 1 50 1 77 1 54 1 52 1 51 1 85 1 83 1 47 1 38 1 59 1 37 1 16 1 42 1 71 1 87 1 33 1 22 1 12 1 74 1 40 1 21 1 12 1 85 1 92 1 82 1 84 1 60 1 68 1 72 1 35 1 65 1 77 1 20 1 92 1 86 1 58 1 9 1 87 1 18 1 49 1 96 1 50 1 61 1 0 1 41 1 98 1 3 1 11 1 2 1 28 1 87 1 62 1 38 1 58 1 55 1 22 1 87 1 25 1 50 1 80 1 16 1 49 1 75 1 82 1 78 1 44 1 97 1 89 1 77 1 92 1 30 1 31 1 42 1 61 1 12 1 74 1 85 1 4 1 40 1 94 1 74 1 26 1 54 1 31 1 25 1 83 1 69 1 0 1 37 1 92 1 85 1 39 1 9 1 38 1 93 1 23 1 75 1 27 1 49 1 29 1 99 1 95 1 61 1 4 1 88 1 91 1 85 1 92 1 5 1 31 1 86 1 68 1 36 1 28 1 99 1 4 1 22 1 49 1 20 1 73 1 83 1 93 1 58 1 89 1 2 1 93 1 52 1 2 1 0 1 2 1 13 1 80 1 40 1 4 1 86 1 76 1 48 1 5 1 97 1 5 1 50 1 25 1 55 1 88 1 84 1 37 1 30 1 78 1 26 1 21 1 56 1 14 1 3 1 85 1 95 1 31 1 9 1 63 1 96 1 10 1 29 1 13 1 55 1 53 1 34 1 14 1 1 1 99 1 37 1 76 1 84 1 89 1 3 1 87 1 71 1 20 1 13 1 32 1 85 1 45 1 24 1 82 1 10 1 18 1 20 1 45 1 32 1 68 1 34 1 90 1 35 1 84 1 32 1 40 1 21 1 32 1 50 1 92 1 28 1 96 1 98 1 94 1 11 1 87 1 49 1 83 1 77 1 64 1 31 1 28 1 18 1 93 1 56 1 13 1 57 1 12 1 46 1 25 1 75 1 27 1 33 1 2 1 10 1 74 1 55 1 46 1 16 1 91 1 12 1 96 1 65 1 94 1 82 1 20 1 28 1 66 1 94 1 17 1 39 1 95 1 42 1 49 1 61 1 76 1 24 1 41 1 96 1 73 1 89 1 55 1 19 1 91 1 43 1 33 1 80 1 33 1 89 1 58 1 64 1 55 1 60 1 24 1 56 1 7 1 62 1 89 1 29 1 92 1 84 1 81 1 11 1 95 1 79 1 17 1 2 1 24 1 8 1 32 1 30 1 34 1 7 1 26 1 14 1 90 1 57 1 37 1 16 1 45 1 3 1 7 1 53 1 80 1 62 1 3 1 29 1 42 1 40 1 20 1 37 1 40 1 85 1 79 1 28 1 11 1 49 1 45 1 26 1 35 1 45 1 19 1 72 1 54 1 33 1 19 1 26 1 46 1 47 1 74 1 68 1 94 1 62 1 47 1 46 1 37 1 71 1 4 1 13 1 84 1 76 1 97 1 14 1 73 1 52 1 77 1 61 1 54 1 82 1 25 1 47 1 6 1 87 1 92 1 39 1 65 1 3 1 27 1 3 1 70 1 42 1 65 1 67 1 77 1 94 1 94 1 61 1 52 1 37 1 58 1 6 1 0 1 44 1 67 1 74 1 37 1 32 1 71 1 18 1 94 1 79 1 22 1 71 1 67 1 59 1 69 1 39 1 24 1 76 1 46 1 39 1 23 1 39 1 92 1 79 1 76 1 98 1 72 1 36 1 16 1 62 1 66 1 4 1 98 1 57 1 38 1 67 1 49 1 27 1 52 1 33 1 16 1 48 1 13 1 46 1 78 1 56 1 72 1 73 1 78 1 65 1 94 1 67 1 8 1 87 1 73 1 54 1 15 1 7 1 33 1 35 1 1 1 95 1 49 1 39 1 90 1 79 1 65 1 52 1 97 1 89 1 71 1 54 1 56 1 6 1 55 1 50 1 62 1 48 1 35 1 79 1 92 1 99 1 72 1 57 1 52 1 30 1 83 1 6 1 17 1 61 1 75 1 76 1 22 1 2 1 50 1 44 1 91 1 27 1 39 1 54 1 88 1 65 1 23 1 84 1 50 1 32 1 23 1 51 1 53 1 69 1 49 1 12 1 95 1 33 1 43 1 79 1 87 1 0 1 44 1 72 1 43 1 79 1 53 1 56 1 16 1 21 1 22 1 24 1 96 1 67 1 48 1 3 1 57 1 75 1 4 1 68 1 21 1 83 1 24 1 98 1 34 1 2 1 99 1 56 1 78 1 3 1 34 1 63 1 79 1 12 1 90 1 92 1 32 1 93 1 8 1 59 1 41 1 53 1 87 1 87 1 39 1 66 1 51 1 76 1 50 1 57 1 74 1 97 1 74 1 83 1 64 1 39 1 74 1 49 1 12 1 85 1 82 1 39 1 56 1 51 1 72 1 38 1 48 1 77 1 95 1 90 1 73 1 6 1 75 1 2 1 2 1 65 1 36 1 42 1 39 1 61 1 21 1 48 1 82 1 39 1 29 1 54 1 6 1 77 1 42 1 18 1 66 1 79 1 18 1 86 1 96 1 39 1 56 1 6 1 64 1 96 1 21 1 18 1 9 1 41 1 87 1 93 1 87 1 86 1 75 1 52 1 57 1 42 1 73 1 30 1 66 1 91 1 77 1 17 1 61 1 49 1 42 1 20 1 45 1 79 1 16 1 15 1 84 1 71 1 5 1 34 1 61 1 61 1 70 1 34 1 75 1 44 1 57 1 78 1 38 1 32 1 56 1 59 1 83 1 57 1 4 1 25 1 16 1 96 1 63 1 44 1 1 1 85 1 9 1 39 1 79 1 13 1 7 1 34 1 41 1 43 1 39 1 38 1 35 1 72 1 98 1 24 1 87 1 15 1 54 1 96 1 83 1 34 1 22 1 75 1 34 1 43 1 54 1 10 1 38 1 34 1 20 1 53 1 17 1 6 1 92 1 18 1 74 1 96 1 60 1 57 1 78 1 26 1 36 1 20 1 76 1 15 1 17 1 19 1 83 1 65 1 50 1 6 1 7 1 71 1 39 1 70 1 77 1 71 1 57 1 42 1 56 1 75 1 40 1 2 1 62 1 71 1 18 1 76 1 96 1 21 1 62 1 79 1 39 1 58 1 24 1 56 1 23 1 88 1 79 1 98 1 2 1 26 1 80 1 99 1 6 1 85 1 9 1 45 1 92 1 15 1 66 1 69 1 78 1 64 1 11 1 76 1 75 1 80 1 43 1 30 1 78 1 90 1 94 1 47 1 85 1 63 1 23 1 52 1 11 1 59 1 8 1 39 1 27 1 28 1 2 1 43 1 0 1 96 1 75 1 38 1 91 1 84 1 63 1 32 1 39 1 66 1 88 1 67 1 64 1 32 1 44 1 68 1 58 1 11 1 31 1 77 1 29 1 52 1 45 1 18 1 13 1 91 1 55 1 77 1 5 1 0 1 22 1 30 1 0 1 41 1 3 1 62 1 90 1 96 1 11 1 76 1 5 1 54 1 46 1 80 1 0 1 90 1 32 1 49 1 57 1 57 1 36 1 32 1 22 1 1 1 72 1 14 1 41 1 44 1 55 1 8 1 14 1 54 1 13 1 98 1 47 1 96 1 25 1 80 1 77 1 61 1 69 1 71 1 66 1 77 1 22 1 92 1 1 1 66 1 12 1 1 1 10 1 24 1 26 1 70 1 99 1 66 1 3 1 32 1 78 1 86 1 25 1 16 1 36 1 50 1 39 1 44 1 98 1 93 1 24 1 10 1 5 1 50 1 77 1 12 1 34 1 93 1 13 1 53 1 57 1 28 1 25 1 75 1 50 1 25 1 50 1 80 1 52 1 59 1 83 1 29 1 47 1 78 1 45 1 90 1 2 1 91 1 42 1 0 1 72 1 2 1 27 1 60 1 9 1 48 1 31 1 0 1 48 1 5 1 39 1 12 1 48 1 71 1 52 1 74 1 34 1 44 1 89 1 6 1 45 1 34 1 18 1 0 1 40 1 34 1 91 1 59 1 67 1 7 1 97 1 80 1 77 1 99 1 54 1 45 1 4 1 85 1 56 1 89 1 53 1 48 1 23 1 98 1 95 1 91 1 39 1 83 1 0 1 40 1 93 1 45 1 36 1 71 1 69 1 87 1 25 1 80 1 93 1 87 1 32 1 61 1 10 1 39 1 57 1 48 1 85 1 97 1 84 1 6 1 61 1 40 1 45 1 85 1 50 1 12 1 83 1 46 1 48 1 98 1 99 1 57 1 27 1 92 1 79 1 66 1 21 1 0 1 83 1 51 1 5 1 99 1 73 1 48 1 60 1 85 1 55 1 55 1 95 1 20 1 54 1 51 1 52 1 66 1 77 1 94 1 21 1 51 1 80 1 26 1 3 1 82 1 52 1 44 1 20 1 2 1 5 1 96 1 70 1 88 1 5 1 71 1 37 1 79 1 66 1 62 1 31 1 7 1 3 1 70 1 47 1 91 1 87 1 87 1 12 1 20 1 85 1 38 1 42 1 5 1 60 1 22 1 69 1 58 1 37 1 47 1 75 1 1 1 51 1 33 1 64 1 52 1 49 1 35 1 2 1 34 1 90 1 69 1 74 1 2 1 90 1 74 1 21 1 50 1 29 1 15 1 89 1 9 1 19 1 7 1 17 1 72 1 68 1 84 1 96 1 66 1 27 1 29 1 9 1 17 1 67 1 87 1 59 1 47 1 60 1 86 1 18 1 32 1 44 1 12 1 53 1 66 1 96 1 55 1 27 1 3 1 96 1 47 1 60 1 14 1 58 1 63 1 0 1 87 1 96 1 14 1 0 1 91 1 65 1 28 1 32 1 50 1 75 1 81 1 40 1 58 1 75 1 6 1 58 1 15 1 63 1 50 1 71 1 39 1 11 1 53 1 15 1 36 1 19 1 79 1 60 1 60 1 52 1 67 1 6 1 95 1 81 1 48 1 58 1 69 1 50 1 37 1 93 1 5 1 64 1 55 1 99 1 61 1 45 1 82 1 36 1 14 1 40 1 6 1 57 1 94 1 77 1 97 1 25 1 98 1 36 1 52 1 12 1 86 1 19 1 1 1 97 1 75 1 7 1 43 1 48 1 51 1 53 1 28 1 65 1 7 1 48 1 33 1 85 1 96 1 76 1 44 1 80 1 72 1 20 1 46 1 37 1 66 1 27 1 49 1 5 1 33 1 45 1 46 1 23 1 43 1 2 1 79 1 72 1 19 1 46 1 16 1 96 1 6 1 57 1 37 1 86 1 83 1 14 1 37 1 6 1 42 1 51 1 95 1 58 1 95 1 72 1 47 1 99 1 48 1 70 1 15 1 53 1 22 1 15 1 22 1 94 1 94 1 73 1 93 1 12 1 36 1 61 1 35 1 4 1 79 1 12 1 8 1 74 1 93 1 21 1 51 1 68 1 48 1 48 1 17 1 52 1 14 1 2 1 89 1 15 1 96 1 70 1 48 1 39 1 53 1 28 1 42 1 66 1 45 1 48 1 54 1 48 1 84 1 35 1 30 1 96 1 14 1 89 1 40 1 48 1 50 1 33 1 40 1 86 1 9 1 25 1 24 1 63 1 68 1 40 1 34 1 39 1 18 1 72 1 39 1 71 1 25 1 91 1 94 1 22 1 24 1 45 1 46 1 94 1 69 1 59 1 38 1 14 1 3 1 15 1 22 1 27 1 47 1 91 1 16 1 63 1 98 1 58 1 5 1 51 1 76 1 92 1 65 1 9 1 91 1 16 1 29 1 47 1 33 1 56 1 82 1 82 1 78 1 48 1 14 1 58 1 91 1 37 1 91 1 8 1 36 1 35 1 27 1 96 1 12 1 69 1 13 1 92 1 44 1 26 1 15 1 82 1 47 1 53 1 90 1 62 1 33 1 67 1 31 1 32 1 97 1 88 1 31 1 60 1 69 1 32 1 11 1 53 1 49 1 73 1 7 1 65 1 61 1 60 1 26 1 46 1 69 1 78 1 64 1 85 1 70 1 83 1 27 1 33 1 41 1 32 1 60 1 57 1 85 1 96 1 61 1 15 1 97 1 81 1 17 1 88 1 49 1 93 1 77 1 68 1 41 1 92 1 13 1 66 1 0 1 34 1 20 1 30 1 38 1 15 1 8 1 55 1 41 1 91 1 78 1 55 1 60 1 14 1 78 1 30 1 61 1 56 1 12 1 15 1 48 1 50 1 95 1 88 1 43 1 27 1 1 1 88 1 88 1 41 1 89 1 5 1 24 1 31 1 21 1 31 1 23 1 62 1 9 1 14 1 79 1 19 1 66 1 53 1 85 1 15 1 65
